# Chn Amplitude
-15 0
-14 0
-12 0
-11 0
-9 0
-7 0
-6 0
-4 0
-3 0
-1 0
0 0
1 0
3 0
4 251
6 439
7 494
9 481
10 545
12 519
13 564
15 610
17 590
18 677
20 819
21 918
23 1283
24 2008
26 3793
28 6801
29 8304
31 5973
32 3288
34 2094
35 1494
37 967
38 646
40 552
42 517
43 505
45 494
46 546
48 523
49 553
51 569
53 513
54 529
56 566
57 542
59 536
60 567
62 571
63 541
65 563
67 604
68 569
70 572
71 629
73 603
74 573
76 613
78 630
79 613
81 612
82 627
84 640
85 576
87 594
88 623
90 639
92 607
93 563
95 620
96 600
98 576
99 571
101 588
103 643
104 585
106 600
107 580
109 583
110 604
112 623
114 622
115 559
117 550
118 617
120 582
121 611
123 567
124 582
126 623
128 565
129 594
131 583
132 590
134 601
135 557
137 584
139 573
140 571
142 547
143 604
145 567
146 581
148 577
149 578
151 555
153 606
154 602
156 574
157 548
159 601
160 597
162 620
164 605
165 611
167 576
168 571
170 555
171 609
173 548
174 594
176 643
178 620
179 644
181 713
182 691
184 707
185 751
187 837
189 833
190 888
192 862
193 878
195 955
196 953
198 951
199 921
201 902
203 896
204 902
206 866
207 867
209 854
210 894
212 792
214 804
215 777
217 789
218 756
220 741
221 754
223 706
224 696
226 715
228 724
229 714
231 667
232 676
234 652
235 668
237 602
239 663
240 620
242 593
243 579
245 604
246 615
248 636
249 591
251 582
253 622
254 582
256 578
257 571
259 540
260 571
262 546
264 539
265 532
267 515
268 529
270 531
271 509
273 566
275 523
276 553
278 500
279 500
281 507
282 553
284 525
285 531
287 477
289 494
290 477
292 496
293 499
295 494
296 494
298 480
300 472
301 481
303 474
304 449
306 458
307 451
309 483
310 442
312 482
314 478
315 452
317 464
318 442
320 450
321 452
323 462
325 472
326 466
328 474
329 474
331 484
332 454
334 430
335 439
337 443
339 443
340 484
342 450
343 446
345 431
346 435
348 480
350 472
351 457
353 469
354 464
356 424
357 454
359 431
360 420
362 414
364 425
365 443
367 420
368 446
370 440
371 415
373 437
375 453
376 447
378 465
379 422
381 446
382 492
384 426
385 453
387 490
389 435
390 472
392 447
393 444
395 476
396 420
398 442
400 454
401 456
403 469
404 449
406 452
407 486
409 455
410 494
412 443
414 495
415 502
417 496
418 427
420 533
421 463
423 489
425 477
426 453
428 498
429 476
431 492
432 494
434 486
435 492
437 453
439 540
440 545
442 460
443 530
445 523
446 480
448 465
450 493
451 487
453 443
454 434
456 432
457 395
459 398
461 387
462 364
464 378
465 355
467 329
468 321
470 327
471 289
473 272
475 252
476 268
478 223
479 233
481 221
482 181
484 146
486 158
487 162
489 161
490 141
492 152
493 144
495 127
496 156
498 130
500 122
501 130
503 125
504 110
506 99
507 109
509 95
511 113
512 77
514 90
515 91
517 77
518 87
520 78
521 69
523 75
525 84
526 69
528 80
529 53
531 73
532 59
534 75
536 66
537 61
539 62
540 67
542 53
543 35
545 47
546 56
548 46
550 40
551 57
553 47
554 43
556 38
557 35
559 37
561 39
562 39
564 37
565 42
567 39
568 43
570 34
571 34
573 31
575 29
576 25
578 29
579 24
581 32
582 39
584 21
586 30
587 47
589 39
590 40
592 30
593 35
595 27
596 38
598 37
600 39
601 40
603 45
604 39
606 48
607 49
609 48
611 65
612 71
614 75
615 91
617 94
618 133
620 129
622 191
623 240
625 253
626 352
628 363
629 424
631 480
632 612
634 671
636 823
637 855
639 1012
640 1138
642 1231
643 1362
645 1539
647 1673
648 1901
650 1925
651 2120
653 2169
654 2417
656 2574
657 2670
659 2715
661 2803
662 2948
664 2931
665 2975
667 2986
668 2962
670 2908
672 2747
673 2697
675 2518
676 2516
678 2330
679 2196
681 1970
682 1790
684 1596
686 1550
687 1378
689 1214
690 1024
692 954
693 828
695 687
697 626
698 483
700 415
701 334
703 316
704 213
706 190
707 161
709 118
711 98
712 67
714 53
715 40
717 33
718 33
720 25
722 19
723 12
725 3
726 9
728 9
729 12
731 4
732 9
734 5
736 7
737 8
739 7
740 5
742 4
743 7
745 3
747 8
748 5
750 5
751 13
753 7
754 6
756 3
757 5
759 3
761 0
762 7
764 5
765 8
767 6
768 3
770 3
772 3
773 4
775 3
776 3
778 3
779 5
781 5
782 7
784 4
786 4
787 7
789 3
790 5
792 6
793 5
795 6
797 6
798 6
800 5
801 4
803 5
804 3
806 1
808 8
809 3
811 0
812 5
814 5
815 4
817 5
818 6
820 2
822 2
823 5
825 2
826 2
828 4
829 3
831 2
833 6
834 9
836 4
837 6
839 5
840 6
842 4
843 4
845 5
847 3
848 3
850 2
851 5
853 3
854 4
856 6
858 6
859 4
861 2
862 2
864 1
865 5
867 2
868 5
870 1
872 3
873 1
875 4
876 1
878 2
879 1
881 3
883 5
884 2
886 3
887 7
889 6
890 5
892 1
893 1
895 2
897 6
898 3
900 3
901 4
903 7
904 5
906 5
908 3
909 6
911 3
912 2
914 7
915 6
917 3
918 9
920 5
922 2
923 2
925 6
926 4
928 5
929 6
931 7
933 4
934 1
936 4
937 5
939 3
940 6
942 1
943 2
945 1
947 4
948 4
950 5
951 4
953 7
954 4
956 5
958 1
959 1
961 1
962 5
964 3
965 5
967 1
968 4
970 2
972 2
973 5
975 1
976 3
978 4
979 0
981 4
983 4
984 4
986 2
987 4
989 4
990 6
992 4
994 2
995 2
997 3
998 1
1000 3
1001 3
1003 2
1004 2
1006 1
1008 2
1009 3
1011 3
1012 3
1014 2
1015 3
1017 2
1019 2
1020 5
1022 5
1023 5
1025 2
1026 2
1028 2
1029 1
1031 9
1033 0
1034 1
1036 5
1037 3
1039 3
1040 5
1042 5
1044 1
1045 2
1047 0
1048 5
1050 2
1051 2
1053 2
1054 2
1056 3
1058 3
1059 1
1061 3
1062 1
1064 2
1065 4
1067 3
1069 1
1070 4
1072 2
1073 3
1075 2
1076 2
1078 3
1079 3
1081 1
1083 3
1084 2
1086 1
1087 5
1089 4
1090 3
1092 2
1094 6
1095 3
1097 1
1098 4
1100 5
1101 1
1103 2
1104 3
1106 3
1108 2
1109 1
1111 2
1112 3
1114 2
1115 4
1117 4
1119 8
1120 3
1122 3
1123 1
1125 2
1126 2
1128 3
1129 4
1131 4
1133 4
1134 3
1136 3
1137 5
1139 3
1140 2
1142 0
1144 2
1145 1
1147 0
1148 3
1150 4
1151 5
1153 5
1155 4
1156 3
1158 8
1159 3
1161 3
1162 2
1164 5
1165 3
1167 9
1169 2
1170 2
1172 4
1173 5
1175 3
1176 2
1178 3
1180 2
1181 3
1183 5
1184 2
1186 4
1187 2
1189 4
1190 5
1192 1
1194 2
1195 3
1197 4
1198 1
1200 3
1201 2
1203 2
1205 4
1206 1
1208 2
1209 4
1211 3
1212 5
1214 0
1215 0
1217 6
1219 2
1220 2
1222 3
1223 1
1225 2
1226 0
1228 3
1230 0
1231 3
1233 0
1234 2
1236 3
1237 0
1239 3
1240 2
1242 0
1244 1
1245 1
1247 2
1248 0
1250 2
1251 2
1253 2
1255 2
1256 0
1258 1
1259 2
1261 2
1262 2
1264 1
1265 3
1267 2
1269 0
1270 0
1272 0
1273 2
1275 1
1276 1
1278 1
1280 0
1281 2
1283 5
1284 0
1286 0
1287 2
1289 2
1290 3
1292 0
1294 4
1295 1
1297 0
1298 2
1300 3
1301 1
1303 1
1305 1
1306 1
1308 0
1309 1
1311 3
1312 4
1314 1
1315 1
1317 0
1319 1
1320 2
1322 1
1323 2
1325 0
1326 3
1328 2
1330 3
1331 0
1333 3
1334 3
1336 2
1337 2
1339 0
1341 5
1342 2
1344 3
1345 2
1347 1
1348 0
1350 3
1351 3
1353 1
1355 2
1356 1
1358 3
1359 2
1361 1
1362 1
1364 1
1366 1
1367 1
1369 1
1370 1
1372 2
1373 1
1375 1
1376 1
1378 2
1380 0
1381 3
1383 1
1384 1
1386 0
1387 2
1389 1
1391 1
1392 0
1394 0
1395 1
1397 0
1398 1
1400 0
1401 0
1403 3
1405 2
1406 1
1408 2
1409 0
1411 0
1412 3
1414 0
1416 2
1417 0
1419 0
1420 3
1422 1
1423 2
1425 3
1426 1
1428 5
1430 4
1431 1
1433 7
1434 3
1436 0
1437 1
1439 3
1441 2
1442 5
1444 4
1445 3
1447 3
1448 5
1450 3
1451 1
1453 2
1455 4
1456 6
1458 5
1459 1
1461 4
1462 4
1464 2
1466 5
1467 3
1469 3
1470 4
1472 4
1473 2
1475 4
1476 2
1478 6
1480 2
1481 3
1483 3
1484 2
1486 3
1487 4
1489 4
1491 0
1492 2
1494 2
1495 1
1497 1
1498 2
1500 5
1502 3
1503 1
1505 0
1506 0
1508 0
1509 0
1511 0
1512 0
1514 0
1516 0
1517 0
1519 2
1520 0
1522 0
1523 0
1525 0
1527 1
1528 0
1530 0
1531 0
1533 1
1534 0
1536 0
1537 0
1539 1
1541 0
1542 0
1544 1
1545 0
1547 2
1548 0
1550 0
1552 1
1553 0
1555 1
1556 0
1558 0
1559 0
1561 0
1562 0
1564 0
1566 0
1567 1
1569 1
1570 0
1572 0
1573 2
1575 0
1577 0
1578 0
1580 0
1581 1
1583 0
