# Chn Amplitude
-9 0
-7 2
-6 4
-4 0
-3 4
-1 29
0 68
1 113
3 163
4 216
6 271
7 329
9 391
10 453
12 515
13 574
15 622
17 697
18 854
20 1184
21 1808
23 2574
24 3110
26 3385
28 3527
29 3589
31 3596
32 3534
34 3385
35 3055
37 2431
38 1658
40 1113
42 832
43 681
45 591
46 539
48 528
49 533
51 537
53 540
54 543
56 546
57 545
59 547
60 553
62 561
63 565
65 569
67 574
68 580
70 585
71 591
73 595
74 599
76 603
78 605
79 606
81 607
82 609
84 610
85 611
87 611
88 610
90 607
92 603
93 601
95 601
96 601
98 598
99 595
101 594
103 595
104 594
106 594
107 595
109 595
110 595
112 594
114 593
115 593
117 592
118 591
120 590
121 589
123 587
124 586
126 586
128 585
129 584
131 583
132 583
134 582
135 579
137 579
139 578
140 577
142 576
143 576
145 575
146 574
148 574
149 575
151 576
153 578
154 580
156 583
157 587
159 590
160 592
162 592
164 591
165 590
167 589
168 588
170 589
171 592
173 598
174 606
176 619
178 636
179 655
181 677
182 702
184 729
185 754
187 780
189 807
190 834
192 858
193 877
195 892
196 902
198 907
199 908
201 908
203 904
204 895
206 884
207 871
209 856
210 841
212 826
214 812
215 799
217 785
218 773
220 760
221 749
223 737
224 726
226 716
228 706
229 695
231 684
232 676
234 667
235 655
237 643
239 635
240 629
242 623
243 617
245 611
246 607
248 602
249 598
251 594
253 589
254 584
256 578
257 571
259 564
260 556
262 549
264 545
265 542
267 539
268 537
270 534
271 531
273 528
275 525
276 524
278 522
279 521
281 519
282 514
284 510
285 506
287 503
289 501
290 499
292 495
293 491
295 488
296 485
298 482
300 479
301 476
303 473
304 471
306 468
307 466
309 464
310 462
312 461
314 461
315 460
317 460
318 461
320 461
321 461
323 461
325 461
326 460
328 460
329 459
331 457
332 456
334 455
335 454
337 454
339 451
340 449
342 450
343 452
345 453
346 454
348 453
350 452
351 451
353 449
354 446
356 443
357 440
359 437
360 434
362 432
364 432
365 432
367 433
368 434
370 436
371 438
373 439
375 441
376 444
378 445
379 447
381 449
382 451
384 452
385 454
387 455
389 455
390 454
392 454
393 453
395 452
396 452
398 451
400 452
401 453
403 456
404 458
406 461
407 465
409 468
410 471
412 473
414 475
415 476
417 476
418 477
420 478
421 479
423 480
425 481
426 482
428 483
429 484
431 485
432 488
434 491
435 493
437 496
439 497
440 497
442 496
443 494
445 493
446 489
448 483
450 474
451 465
453 455
454 443
456 431
457 418
459 405
461 393
462 380
464 367
465 353
467 340
468 327
470 314
471 301
473 288
475 274
476 259
478 244
479 229
481 215
482 201
484 189
486 177
487 167
489 159
490 152
492 147
493 142
495 139
496 135
498 132
500 128
501 124
503 119
504 114
506 110
507 105
509 100
511 96
512 93
514 89
515 87
517 85
518 83
520 81
521 79
523 77
525 75
526 73
528 72
529 70
531 68
532 66
534 65
536 63
537 61
539 59
540 58
542 56
543 54
545 52
546 50
548 49
550 47
551 45
553 44
554 43
556 42
557 41
559 40
561 39
562 38
564 37
565 36
567 35
568 34
570 33
571 33
573 32
575 32
576 31
578 31
579 31
581 31
582 31
584 31
586 31
587 31
589 32
590 32
592 33
593 34
595 34
596 35
598 36
600 37
601 38
603 39
604 42
606 45
607 49
609 55
611 62
612 71
614 82
615 96
617 114
618 135
620 161
622 192
623 228
625 270
626 319
628 374
629 437
631 506
632 583
634 668
636 760
637 862
639 972
640 1090
642 1216
643 1346
645 1476
647 1608
648 1748
650 1891
651 2031
653 2167
654 2299
656 2423
657 2533
659 2632
661 2721
662 2795
664 2841
665 2863
667 2865
668 2847
670 2811
672 2753
673 2678
675 2582
676 2462
678 2329
679 2194
681 2054
682 1905
684 1753
686 1599
687 1448
689 1303
690 1165
692 1035
693 912
695 797
697 690
698 593
700 505
701 426
703 356
704 294
706 241
707 197
709 159
711 128
712 102
714 80
715 62
717 47
718 35
720 27
722 21
723 16
725 13
726 10
728 9
729 7
731 6
732 5
734 5
736 4
737 4
739 4
740 5
742 5
743 6
745 6
747 6
748 6
750 6
751 6
753 6
754 5
756 5
757 5
759 5
761 4
762 4
764 4
765 3
767 3
768 3
770 3
772 2
773 2
775 3
776 3
778 3
779 4
781 4
782 5
784 5
786 6
787 6
789 6
790 6
792 6
793 5
795 5
797 4
798 4
800 3
801 3
803 3
804 2
806 2
808 2
809 2
811 1
812 1
814 1
815 1
817 2
818 2
820 2
822 2
823 2
825 3
826 3
828 3
829 4
831 4
833 4
834 4
836 4
837 4
839 4
840 4
842 4
843 4
845 4
847 4
848 4
850 4
851 3
853 3
854 3
856 3
858 3
859 3
861 2
862 2
864 2
865 2
867 2
868 2
870 2
872 1
873 1
875 1
876 1
878 1
879 1
881 1
883 1
884 1
886 1
887 1
889 1
890 2
892 2
893 2
895 2
897 2
898 2
900 3
901 3
903 3
904 3
906 4
908 4
909 4
911 4
912 4
914 4
915 4
917 4
918 4
920 4
922 4
923 4
925 4
926 4
928 4
929 4
931 4
933 3
934 3
936 3
937 3
939 3
940 3
942 3
943 3
945 3
947 3
948 2
950 2
951 2
953 2
954 2
956 2
958 2
959 2
961 2
962 2
964 2
965 2
967 2
968 2
970 2
972 2
973 2
975 2
976 2
978 2
979 2
981 2
983 2
984 2
986 2
987 2
989 2
990 2
992 2
994 2
995 2
997 2
998 2
1000 2
1001 2
1003 2
1004 2
1006 2
1008 2
1009 2
1011 2
1012 2
1014 2
1015 2
1017 2
1019 2
1020 2
1022 2
1023 2
1025 2
1026 2
1028 2
1029 2
1031 2
1033 2
1034 2
1036 2
1037 2
1039 2
1040 2
1042 2
1044 2
1045 2
1047 2
1048 2
1050 2
1051 2
1053 2
1054 2
1056 2
1058 2
1059 2
1061 2
1062 2
1064 2
1065 2
1067 2
1069 2
1070 2
1072 2
1073 2
1075 2
1076 2
1078 2
1079 2
1081 2
1083 2
1084 2
1086 2
1087 2
1089 2
1090 2
1092 2
1094 2
1095 2
1097 2
1098 2
1100 2
1101 2
1103 2
1104 2
1106 2
1108 2
1109 2
1111 2
1112 2
1114 2
1115 2
1117 2
1119 2
1120 2
1122 2
1123 2
1125 2
1126 2
1128 2
1129 2
1131 2
1133 2
1134 2
1136 2
1137 2
1139 2
1140 3
1142 3
1144 3
1145 3
1147 3
1148 3
1150 3
1151 3
1153 3
1155 3
1156 3
1158 3
1159 3
1161 3
1162 3
1164 3
1165 3
1167 3
1169 3
1170 3
1172 3
1173 2
1175 2
1176 2
1178 2
1180 2
1181 2
1183 2
1184 2
1186 2
1187 2
1189 2
1190 2
1192 2
1194 2
1195 2
1197 2
1198 2
1200 2
1201 2
1203 2
1205 2
1206 2
1208 1
1209 1
1211 1
1212 1
1214 1
1215 1
1217 1
1219 1
1220 1
1222 1
1223 1
1225 1
1226 1
1228 1
1230 1
1231 1
1233 1
1234 1
1236 1
1237 1
1239 1
1240 1
1242 1
1244 1
1245 1
1247 0
1248 0
1250 0
1251 0
1253 0
1255 0
1256 0
1258 0
1259 0
1261 0
1262 0
1264 0
1265 0
1267 0
1269 0
1270 0
1272 0
1273 0
1275 0
1276 0
1278 0
1280 0
1281 0
1283 0
1284 0
1286 0
1287 0
1289 0
1290 0
1292 1
1294 1
1295 1
1297 1
1298 1
1300 1
1301 1
1303 1
1305 1
1306 1
1308 1
1309 1
1311 1
1312 1
1314 1
1315 1
1317 1
1319 1
1320 1
1322 1
1323 1
1325 1
1326 1
1328 1
1330 1
1331 1
1333 1
1334 1
1336 1
1337 1
1339 1
1341 1
1342 1
1344 1
1345 1
1347 1
1348 1
1350 1
1351 1
1353 1
1355 1
1356 1
1358 1
1359 1
1361 1
1362 1
1364 1
1366 1
1367 1
1369 1
1370 1
1372 1
1373 0
1375 0
1376 0
1378 0
1380 0
1381 0
1383 0
1384 0
1386 0
1387 0
1389 0
1391 0
1392 0
1394 0
1395 0
1397 0
1398 0
1400 0
1401 0
1403 0
1405 0
1406 0
1408 0
1409 0
1411 0
1412 0
1414 0
1416 0
1417 0
1419 1
1420 1
1422 1
1423 1
1425 1
1426 1
1428 1
1430 1
1431 1
1433 1
1434 2
1436 2
1437 2
1439 2
1441 2
1442 2
1444 2
1445 2
1447 2
1448 2
1450 3
1451 3
1453 3
1455 3
1456 3
1458 3
1459 3
1461 3
1462 3
1464 3
1466 3
1467 3
1469 3
1470 3
1472 3
1473 3
1475 2
1476 2
1478 2
1480 2
1481 2
1483 2
1484 2
1486 2
1487 2
1489 1
1491 1
1492 1
1494 1
1495 1
1497 1
1498 1
1500 1
1502 1
1503 0
1505 0
1506 0
1508 0
1509 0
1511 0
1512 0
1514 0
1516 0
1517 0
1519 0
1520 0
1522 0
1523 0
1525 0
1527 0
1528 0
1530 0
1531 0
1533 0
1534 0
1536 0
1537 0
1539 0
1541 0
1542 0
1544 0
1545 0
1547 0
1548 0
1550 0
1552 0
1553 0
1555 0
1556 0
1558 0
1559 0
1561 0
1562 0
1564 0
1566 0
1567 0
1569 0
1570 0
1572 0
1573 0
1575 0
1577 0
1578 0
1580 0
1581 0
1583 0
