# Chn Amplitude
-15 0
-13 0
-11 0
-10 0
-8 0
-7 0
-5 0
-4 0
-2 0
0 0
0 0
2 0
3 0
5 49
6 118
8 162
9 134
11 143
13 144
14 157
16 141
17 158
19 160
20 140
22 168
24 207
25 238
27 255
28 250
30 209
31 176
33 188
34 181
36 159
38 190
39 156
41 187
42 177
44 175
45 212
47 210
49 193
50 192
52 230
53 198
55 227
56 220
58 235
59 244
61 253
63 249
64 272
66 277
67 238
69 317
70 297
72 293
73 338
75 375
77 410
78 386
80 391
81 353
83 301
84 334
86 286
88 328
89 297
91 310
92 338
94 284
95 313
97 304
98 285
100 265
102 251
103 274
105 266
106 273
108 276
109 285
111 276
113 270
114 236
116 278
117 263
119 290
120 274
122 269
123 257
125 251
127 284
128 282
130 230
131 283
133 268
134 272
136 268
138 269
139 268
141 263
142 252
144 241
145 260
147 276
148 257
150 247
152 231
153 247
155 251
156 254
158 266
159 281
161 249
163 242
164 255
166 276
167 244
169 242
170 272
172 268
173 281
175 280
177 255
178 278
180 315
181 309
183 306
184 335
186 307
188 334
189 337
191 359
192 347
194 357
195 316
197 364
198 344
200 339
202 341
203 336
205 310
206 320
208 327
209 319
211 322
213 255
214 283
216 286
217 276
219 294
220 271
222 279
223 254
225 247
227 245
228 215
230 285
231 256
233 227
234 203
236 246
238 232
239 223
241 242
242 207
244 195
245 181
247 200
248 230
250 190
252 192
253 190
255 154
256 182
258 183
259 159
261 175
263 185
264 172
266 193
267 163
269 188
270 179
272 184
273 190
275 196
277 167
278 159
280 177
281 171
283 155
284 152
286 151
287 172
289 154
291 144
292 147
294 174
295 174
297 170
298 152
300 153
302 166
303 151
305 136
306 151
308 145
309 144
311 151
312 149
314 159
316 157
317 159
319 157
320 150
322 162
323 130
325 139
327 151
328 129
330 153
331 163
333 160
334 139
336 157
337 140
339 152
341 146
342 156
344 156
345 143
347 141
348 146
350 134
352 171
353 139
355 147
356 180
358 142
359 157
361 160
362 165
364 170
366 158
367 169
369 148
370 155
372 158
373 167
375 157
377 152
378 177
380 161
381 132
383 163
384 165
386 156
387 182
389 140
391 162
392 162
394 145
395 165
397 153
398 166
400 144
402 166
403 181
405 168
406 150
408 170
409 173
411 158
412 171
414 146
416 149
417 163
419 159
420 166
422 165
423 172
425 178
427 146
428 157
430 161
431 166
433 151
434 146
436 163
437 161
439 160
441 155
442 160
444 137
445 170
447 139
448 153
450 133
452 164
453 164
455 153
456 141
458 145
459 119
461 139
462 135
464 108
466 109
467 124
469 128
470 115
472 117
473 109
475 98
476 87
478 90
480 99
481 94
483 68
484 78
486 67
487 82
489 84
491 78
492 87
494 83
495 68
497 65
498 75
500 58
501 66
503 51
505 84
506 64
508 53
509 61
511 51
512 60
514 59
516 53
517 66
519 70
520 71
522 55
523 62
525 51
526 58
528 53
530 54
531 58
533 43
534 38
536 61
537 61
539 50
541 60
542 51
544 44
545 43
547 49
548 43
550 47
551 51
553 52
555 48
556 52
558 53
559 40
561 37
562 46
564 46
566 48
567 49
569 52
570 47
572 52
573 42
575 38
576 49
578 46
580 40
581 49
583 42
584 50
586 49
587 35
589 33
591 63
592 56
594 41
595 49
597 45
598 39
600 48
601 43
603 40
605 53
606 58
608 58
609 46
611 65
612 61
614 62
616 61
617 59
619 51
620 91
622 72
623 103
625 100
626 128
628 148
630 119
631 168
633 174
634 222
636 228
637 268
639 267
641 311
642 360
644 403
645 464
647 417
648 534
650 529
651 579
653 534
655 665
656 649
658 651
659 689
661 695
662 693
664 712
665 706
667 670
669 680
670 680
672 668
673 594
675 569
676 552
678 494
680 494
681 459
683 410
684 367
686 354
687 302
689 227
690 216
692 182
694 174
695 130
697 123
698 97
700 82
701 60
703 46
705 50
706 42
708 30
709 26
711 20
712 7
714 21
715 10
717 2
719 7
720 5
722 5
723 3
725 6
726 7
728 3
730 8
731 5
733 2
734 1
736 2
737 6
739 2
740 1
742 2
744 6
745 1
747 2
748 1
750 1
751 1
753 4
755 4
756 2
758 7
759 5
761 2
762 1
764 3
765 2
767 4
769 5
770 1
772 3
773 2
775 1
776 1
778 3
780 3
781 3
783 2
784 2
786 3
787 2
789 1
790 1
792 0
794 1
795 2
797 1
798 1
800 5
801 0
803 4
805 2
806 3
808 0
809 5
811 1
812 4
814 3
815 4
817 2
819 2
820 2
822 0
823 1
825 3
826 3
828 4
830 0
831 4
833 5
834 2
836 3
837 5
839 1
840 2
842 2
844 0
845 2
847 2
848 2
850 3
851 0
853 2
854 4
856 5
858 3
859 1
861 3
862 4
864 4
865 3
867 2
869 2
870 4
872 4
873 1
875 0
876 1
878 3
879 3
881 3
883 0
884 2
886 2
887 6
889 1
890 3
892 1
894 4
895 4
897 3
898 3
900 4
901 5
903 6
904 2
906 0
908 3
909 3
911 8
912 2
914 1
915 0
917 2
919 1
920 5
922 2
923 1
925 4
926 2
928 6
929 5
931 6
933 4
934 5
936 3
937 2
939 4
940 2
942 2
944 1
945 3
947 1
948 1
950 3
951 4
953 2
954 4
956 3
958 2
959 3
961 1
962 0
964 3
965 3
967 2
969 3
970 5
972 2
973 2
975 6
976 2
978 4
979 2
981 2
983 4
984 2
986 1
987 1
989 1
990 2
992 0
994 2
995 3
997 1
998 3
1000 1
1001 1
1003 2
1004 0
1006 0
1008 0
1009 1
1011 3
1012 3
1014 4
1015 2
1017 1
1019 1
1020 1
1022 1
1023 2
1025 2
1026 2
1028 2
1029 1
1031 0
1033 0
1034 1
1036 1
1037 2
1039 0
1040 0
1042 1
1044 2
1045 1
1047 5
1048 2
1050 1
1051 2
1053 1
1054 0
1056 4
1058 6
1059 2
1061 2
1062 6
1064 0
1065 0
1067 2
1068 2
1070 1
1072 4
1073 2
1075 1
1076 3
1078 3
1079 2
1081 2
1083 0
1084 1
1086 1
1087 3
1089 2
1090 2
1092 2
1093 0
1095 1
1097 1
1098 4
1100 1
1101 3
1103 1
1104 3
1106 4
1108 3
1109 3
1111 3
1112 4
1114 2
1115 2
1117 1
1118 3
1120 2
1122 2
1123 1
1125 3
1126 0
1128 2
1129 1
1131 2
1133 1
1134 1
1136 6
1137 2
1139 1
1140 3
1142 3
1143 2
1145 1
1147 2
1148 0
1150 5
1151 1
1153 1
1154 1
1156 3
1158 3
1159 0
1161 2
1162 3
1164 4
1165 1
1167 1
1168 0
1170 2
1172 2
1173 1
1175 1
1176 1
1178 2
1179 1
1181 3
1183 2
1184 1
1186 2
1187 0
1189 4
1190 0
1192 2
1193 1
1195 1
1197 3
1198 3
1200 3
1201 2
1203 2
1204 0
1206 0
1208 4
1209 1
1211 1
1212 1
1214 1
1215 3
1217 0
1218 2
1220 4
1222 0
1223 0
1225 0
1226 0
1228 1
1229 2
1231 1
1233 0
1234 2
1236 3
1237 0
1239 2
1240 1
1242 1
1243 0
1245 1
1247 1
1248 0
1250 2
1251 1
1253 1
1254 0
1256 1
1257 1
1259 0
1261 0
1262 2
1264 1
1265 4
1267 0
1268 2
1270 0
1272 1
1273 0
1275 0
1276 1
1278 1
1279 0
1281 2
1282 0
1284 2
1286 0
1287 2
1289 1
1290 0
1292 0
1293 0
1295 0
1297 2
1298 1
1300 0
1301 0
1303 0
1304 0
1306 0
1307 1
1309 0
1311 1
1312 0
1314 0
1315 1
1317 2
1318 1
1320 1
1322 0
1323 0
1325 1
1326 0
1328 0
1329 1
1331 3
1332 1
1334 1
1336 0
1337 0
1339 0
1340 0
1342 1
1343 0
1345 0
1347 1
1348 0
1350 0
1351 0
1353 0
1354 2
1356 0
1357 2
1359 0
1361 2
1362 0
1364 1
1365 1
1367 1
1368 0
1370 2
1372 0
1373 1
1375 0
1376 1
1378 1
1379 0
1381 1
1382 1
1384 0
1386 1
1387 0
1389 0
1390 1
1392 1
1393 1
1395 2
1397 2
1398 0
1400 1
1401 2
1403 0
1404 2
1406 0
1407 0
1409 0
1411 2
1412 2
1414 0
1415 0
1417 0
1418 0
1420 0
1422 2
1423 1
1425 1
1426 2
1428 4
1429 1
1431 3
1432 2
1434 3
1436 5
1437 3
1439 5
1440 2
1442 5
1443 2
1445 4
1446 7
1448 3
1450 5
1451 3
1453 4
1454 5
1456 3
1457 4
1459 2
1461 1
1462 2
1464 5
1465 1
1467 6
1468 7
1470 3
1471 4
1473 1
1475 3
1476 0
1478 3
1479 0
1481 3
1482 2
1484 0
1486 1
1487 2
1489 1
1490 0
1492 1
1493 1
1495 2
1496 2
1498 1
1500 0
1501 0
1503 1
1504 0
1506 1
1507 2
1509 0
1511 1
1512 4
1514 0
1515 0
1517 0
1518 2
1520 2
1521 0
1523 0
1525 1
1526 1
1528 2
1529 0
1531 0
1532 0
1534 0
1536 0
1537 0
1539 0
1540 2
1542 1
1543 0
1545 0
1546 0
1548 1
1550 0
1551 0
1553 0
1554 0
1556 0
1557 0
1559 1
1561 1
1562 0
1564 0
1565 0
1567 0
1568 0
1570 0
1571 1
1573 0
1575 2
1576 0
1578 0
1579 0
1581 0
1582 0
