May 29 2023     09:00:38 am     Elt: 000160 Seconds.  Real Time: 000160
ID: No spectrum identifier defined
Memory Size: 16384 Chls  Conversion Gain: 1024  Adc Offset: 0000 Chls

 Chn    Counts  ROI
   0,        0, 000
   1,        0, 000
   2,        0, 000
   3,        0, 000
   4,        0, 000
   5,        0, 000
   6,        0, 000
   7,        0, 000
   8,        0, 000
   9,        0, 000
  10,        0, 000
  11,        0, 000
  12,        0, 000
  13,       30, 000
  14,       47, 000
  15,       51, 000
  16,       45, 000
  17,       42, 000
  18,       45, 000
  19,       59, 000
  20,       51, 000
  21,       50, 000
  22,       58, 000
  23,       60, 000
  24,       55, 000
  25,       80, 000
  26,       53, 000
  27,       65, 000
  28,       75, 000
  29,       69, 000
  30,       75, 000
  31,       65, 000
  32,       58, 000
  33,       68, 000
  34,       62, 000
  35,       83, 000
  36,       73, 000
  37,       77, 000
  38,       73, 001
  39,       94, 001
  40,       84, 001
  41,       93, 001
  42,      103, 001
  43,      104, 001
  44,       88, 001
  45,      112, 001
  46,      123, 001
  47,      113, 001
  48,      138, 001
  49,      118, 001
  50,      133, 001
  51,      138, 001
  52,      162, 001
  53,      154, 001
  54,      153, 001
  55,      139, 001
  56,      171, 001
  57,      170, 001
  58,      179, 001
  59,      162, 001
  60,      184, 001
  61,      187, 001
  62,      160, 001
  63,      208, 001
  64,      164, 001
  65,      180, 001
  66,      169, 001
  67,      179, 001
  68,      175, 001
  69,      178, 001
  70,      168, 001
  71,      184, 001
  72,      159, 001
  73,      180, 001
  74,      164, 001
  75,      166, 001
  76,      153, 001
  77,      151, 001
  78,      179, 001
  79,      148, 001
  80,      185, 001
  81,      156, 001
  82,      173, 001
  83,      133, 001
  84,      150, 001
  85,      152, 001
  86,      143, 001
  87,      155, 001
  88,      134, 001
  89,      166, 001
  90,      144, 001
  91,      141, 001
  92,      156, 001
  93,      142, 001
  94,      147, 001
  95,      150, 001
  96,      144, 001
  97,      128, 001
  98,      125, 001
  99,      130, 001
 100,      127, 001
 101,      148, 001
 102,      143, 001
 103,      143, 001
 104,      122, 001
 105,      115, 000
 106,      124, 000
 107,      141, 000
 108,      115, 000
 109,      130, 000
 110,      111, 000
 111,      131, 000
 112,      103, 000
 113,      112, 000
 114,      118, 000
 115,      115, 000
 116,      116, 000
 117,       97, 000
 118,       99, 000
 119,      104, 000
 120,       89, 000
 121,      114, 000
 122,      104, 000
 123,       95, 000
 124,       95, 000
 125,       99, 000
 126,      118, 000
 127,       99, 000
 128,       96, 000
 129,       98, 000
 130,       92, 000
 131,       87, 000
 132,       95, 000
 133,       87, 000
 134,      101, 000
 135,       89, 000
 136,      108, 000
 137,       96, 000
 138,       94, 000
 139,      105, 000
 140,       87, 000
 141,      102, 000
 142,       83, 000
 143,       87, 000
 144,      114, 000
 145,       94, 000
 146,       95, 000
 147,       98, 000
 148,       94, 000
 149,       99, 000
 150,       84, 000
 151,       91, 000
 152,       80, 000
 153,       93, 000
 154,       84, 000
 155,      100, 000
 156,       84, 000
 157,       97, 000
 158,       97, 000
 159,      101, 000
 160,      105, 000
 161,      103, 000
 162,       98, 000
 163,       98, 000
 164,       83, 000
 165,       88, 000
 166,       91, 000
 167,       84, 000
 168,       81, 000
 169,       88, 000
 170,       80, 000
 171,       84, 000
 172,       93, 000
 173,       74, 000
 174,       66, 000
 175,       70, 000
 176,       76, 000
 177,       66, 000
 178,       62, 000
 179,       54, 000
 180,       58, 000
 181,       58, 000
 182,       55, 000
 183,       53, 000
 184,       69, 000
 185,       64, 000
 186,       58, 000
 187,       53, 000
 188,       69, 000
 189,       63, 000
 190,       51, 000
 191,       82, 000
 192,       56, 000
 193,       49, 000
 194,       51, 000
 195,       63, 000
 196,       50, 000
 197,       45, 000
 198,       50, 000
 199,       44, 000
 200,       50, 000
 201,       58, 000
 202,       48, 000
 203,       41, 000
 204,       65, 000
 205,       48, 000
 206,       53, 000
 207,       52, 000
 208,       48, 000
 209,       62, 000
 210,       43, 000
 211,       37, 000
 212,       53, 000
 213,       40, 000
 214,       48, 000
 215,       41, 000
 216,       38, 000
 217,       36, 000
 218,       40, 000
 219,       45, 000
 220,       54, 000
 221,       62, 000
 222,       40, 000
 223,       48, 000
 224,       40, 000
 225,       47, 000
 226,       45, 000
 227,       47, 000
 228,       41, 000
 229,       43, 000
 230,       37, 000
 231,       33, 000
 232,       38, 000
 233,       43, 000
 234,       39, 000
 235,       37, 000
 236,       34, 000
 237,       50, 000
 238,       36, 000
 239,       46, 000
 240,       42, 000
 241,       35, 000
 242,       54, 000
 243,       25, 000
 244,       38, 000
 245,       36, 000
 246,       45, 000
 247,       40, 000
 248,       26, 000
 249,       47, 000
 250,       23, 000
 251,       28, 000
 252,       26, 000
 253,       33, 000
 254,       37, 000
 255,       13, 000
 256,       31, 000
 257,       36, 000
 258,       24, 000
 259,       43, 000
 260,       41, 000
 261,       25, 000
 262,       37, 000
 263,       22, 000
 264,       31, 000
 265,       39, 000
 266,       31, 000
 267,       19, 000
 268,       32, 000
 269,       34, 000
 270,       27, 000
 271,       29, 000
 272,       31, 000
 273,       29, 000
 274,       37, 000
 275,       33, 000
 276,       37, 000
 277,       37, 000
 278,       34, 000
 279,       23, 000
 280,       22, 000
 281,       34, 000
 282,       33, 000
 283,       32, 000
 284,       24, 000
 285,       25, 000
 286,       24, 000
 287,       25, 000
 288,       35, 000
 289,       32, 000
 290,       27, 000
 291,       28, 000
 292,       22, 000
 293,       33, 000
 294,       32, 000
 295,       34, 000
 296,       34, 000
 297,       32, 000
 298,       23, 000
 299,       31, 000
 300,       26, 000
 301,       29, 000
 302,       25, 000
 303,       27, 000
 304,       34, 000
 305,       34, 000
 306,       23, 000
 307,       30, 000
 308,       31, 000
 309,       32, 000
 310,       25, 000
 311,       27, 000
 312,       29, 000
 313,       27, 000
 314,       28, 000
 315,       33, 000
 316,       30, 000
 317,       24, 000
 318,       31, 000
 319,       29, 000
 320,       26, 000
 321,       28, 000
 322,       27, 000
 323,       25, 000
 324,       26, 000
 325,       21, 000
 326,       29, 000
 327,       32, 000
 328,       25, 000
 329,       37, 000
 330,       35, 000
 331,       28, 000
 332,       16, 000
 333,       22, 000
 334,       38, 000
 335,       25, 000
 336,       29, 000
 337,       24, 000
 338,       32, 000
 339,       35, 000
 340,       26, 000
 341,       25, 000
 342,       25, 000
 343,       32, 000
 344,       28, 000
 345,       32, 000
 346,       21, 000
 347,       28, 000
 348,       31, 000
 349,       27, 000
 350,       18, 000
 351,       21, 000
 352,       28, 000
 353,       20, 000
 354,       28, 000
 355,       16, 000
 356,       20, 000
 357,       36, 000
 358,       19, 000
 359,       19, 000
 360,       24, 000
 361,       28, 000
 362,       24, 000
 363,       29, 000
 364,       34, 000
 365,       31, 000
 366,       28, 000
 367,       20, 000
 368,       28, 000
 369,       21, 000
 370,       24, 000
 371,       30, 000
 372,       24, 000
 373,       16, 000
 374,       22, 000
 375,       32, 000
 376,       25, 000
 377,       28, 000
 378,       19, 000
 379,       23, 000
 380,       25, 000
 381,       32, 000
 382,       23, 000
 383,       22, 000
 384,       36, 000
 385,       22, 000
 386,       27, 000
 387,       27, 000
 388,       28, 000
 389,       35, 000
 390,       22, 000
 391,       23, 000
 392,       26, 000
 393,       25, 000
 394,       42, 000
 395,       30, 000
 396,       37, 000
 397,       30, 000
 398,       26, 000
 399,       21, 000
 400,       27, 000
 401,       26, 000
 402,       33, 000
 403,       19, 000
 404,       23, 000
 405,       26, 000
 406,       32, 000
 407,       20, 000
 408,       31, 000
 409,       27, 000
 410,       19, 000
 411,       22, 000
 412,       28, 000
 413,       30, 000
 414,       25, 000
 415,       30, 000
 416,       20, 000
 417,       24, 000
 418,       28, 000
 419,       17, 000
 420,       31, 000
 421,       28, 000
 422,       34, 000
 423,       26, 000
 424,       27, 000
 425,       34, 000
 426,       21, 000
 427,       24, 000
 428,       24, 000
 429,       28, 000
 430,       22, 000
 431,       27, 000
 432,       25, 000
 433,       24, 000
 434,       24, 000
 435,       36, 000
 436,       21, 000
 437,       41, 000
 438,       21, 000
 439,       26, 000
 440,       21, 000
 441,       33, 000
 442,       26, 000
 443,       32, 000
 444,       27, 000
 445,       17, 000
 446,       21, 000
 447,       17, 000
 448,       24, 000
 449,       24, 000
 450,       26, 000
 451,       24, 000
 452,       26, 000
 453,       22, 000
 454,       27, 000
 455,       28, 000
 456,       27, 000
 457,       27, 000
 458,       29, 000
 459,       30, 000
 460,       25, 000
 461,       22, 000
 462,       19, 000
 463,       26, 000
 464,       29, 000
 465,       20, 000
 466,       41, 000
 467,       23, 000
 468,       15, 000
 469,       27, 000
 470,       25, 000
 471,       19, 000
 472,       23, 000
 473,       25, 000
 474,       20, 000
 475,       28, 000
 476,       27, 000
 477,       20, 000
 478,       23, 000
 479,       17, 000
 480,       34, 000
 481,       21, 000
 482,       17, 000
 483,       25, 000
 484,       27, 000
 485,       19, 000
 486,       21, 000
 487,       28, 000
 488,       31, 000
 489,       38, 000
 490,       34, 000
 491,       19, 000
 492,       21, 000
 493,       36, 000
 494,       28, 000
 495,       35, 000
 496,       34, 000
 497,       34, 000
 498,       25, 000
 499,       25, 000
 500,       34, 000
 501,       29, 000
 502,       23, 000
 503,       25, 000
 504,       25, 000
 505,       31, 000
 506,       31, 000
 507,       27, 000
 508,       24, 000
 509,       28, 000
 510,       24, 000
 511,       24, 000
 512,       27, 000
 513,       30, 000
 514,       23, 000
 515,       22, 000
 516,       30, 000
 517,       28, 000
 518,       24, 000
 519,       35, 000
 520,       24, 000
 521,       18, 000
 522,       29, 000
 523,       30, 000
 524,       33, 000
 525,       29, 000
 526,       22, 000
 527,       25, 000
 528,       38, 000
 529,       25, 000
 530,       29, 000
 531,       34, 000
 532,       24, 000
 533,       22, 000
 534,       20, 000
 535,       31, 000
 536,       23, 000
 537,       29, 000
 538,       31, 000
 539,       37, 000
 540,       30, 000
 541,       34, 000
 542,       34, 000
 543,       28, 000
 544,       29, 000
 545,       35, 000
 546,       26, 000
 547,       21, 000
 548,       36, 000
 549,       37, 000
 550,       29, 000
 551,       22, 000
 552,       26, 000
 553,       38, 000
 554,       33, 000
 555,       33, 000
 556,       45, 000
 557,       18, 000
 558,       17, 000
 559,       35, 000
 560,       19, 000
 561,       24, 000
 562,       33, 000
 563,       35, 000
 564,       25, 000
 565,       37, 000
 566,       25, 000
 567,       26, 000
 568,       48, 000
 569,       44, 000
 570,       35, 000
 571,       38, 000
 572,       31, 000
 573,       31, 000
 574,       36, 000
 575,       30, 000
 576,       30, 000
 577,       30, 000
 578,       26, 000
 579,       30, 000
 580,       26, 000
 581,       30, 000
 582,       29, 000
 583,       30, 000
 584,       33, 000
 585,       37, 000
 586,       42, 000
 587,       37, 000
 588,       19, 000
 589,       34, 000
 590,       30, 000
 591,       26, 000
 592,       29, 000
 593,       29, 000
 594,       39, 000
 595,       28, 000
 596,       33, 000
 597,       32, 000
 598,       28, 000
 599,       25, 000
 600,       41, 000
 601,       33, 000
 602,       32, 000
 603,       25, 000
 604,       27, 000
 605,       29, 000
 606,       23, 000
 607,       32, 000
 608,       28, 000
 609,       35, 000
 610,       33, 000
 611,       33, 000
 612,       33, 000
 613,       31, 000
 614,       29, 000
 615,       29, 000
 616,       31, 000
 617,       27, 000
 618,       20, 000
 619,       24, 000
 620,       26, 000
 621,       23, 000
 622,       28, 000
 623,       24, 000
 624,       29, 000
 625,       22, 000
 626,       22, 000
 627,       22, 000
 628,       26, 000
 629,       25, 000
 630,       26, 000
 631,       15, 000
 632,       22, 000
 633,       22, 000
 634,       21, 000
 635,       19, 000
 636,       25, 000
 637,       21, 000
 638,       21, 000
 639,       10, 000
 640,       19, 000
 641,       20, 000
 642,       29, 000
 643,       15, 000
 644,       18, 000
 645,       24, 000
 646,       13, 000
 647,       22, 000
 648,       28, 000
 649,       19, 000
 650,       21, 000
 651,       23, 000
 652,       24, 000
 653,       17, 000
 654,       15, 000
 655,       20, 000
 656,       11, 000
 657,       15, 000
 658,       24, 000
 659,       21, 000
 660,       14, 000
 661,       21, 000
 662,       22, 000
 663,       14, 000
 664,       22, 000
 665,       20, 000
 666,       18, 000
 667,       15, 000
 668,       23, 000
 669,       22, 000
 670,       14, 000
 671,       28, 000
 672,       14, 000
 673,       21, 000
 674,       23, 000
 675,       25, 000
 676,       22, 000
 677,       22, 000
 678,       15, 000
 679,       21, 000
 680,       23, 000
 681,       15, 000
 682,       18, 000
 683,       20, 000
 684,       18, 000
 685,       18, 000
 686,       14, 000
 687,       28, 000
 688,       16, 000
 689,       16, 000
 690,       29, 000
 691,       19, 000
 692,        9, 000
 693,       16, 000
 694,       24, 000
 695,       21, 000
 696,       15, 000
 697,       23, 000
 698,       15, 000
 699,       19, 000
 700,       14, 000
 701,       20, 000
 702,       14, 000
 703,       16, 000
 704,        9, 000
 705,       15, 000
 706,       16, 000
 707,       16, 000
 708,       14, 000
 709,       21, 000
 710,       15, 000
 711,       19, 000
 712,       11, 000
 713,        7, 000
 714,       16, 000
 715,        8, 000
 716,       15, 000
 717,       10, 000
 718,       10, 000
 719,       17, 000
 720,       11, 000
 721,       20, 000
 722,       15, 000
 723,       10, 000
 724,       15, 000
 725,       13, 000
 726,       16, 000
 727,        8, 000
 728,       13, 000
 729,       15, 000
 730,       12, 002
 731,       28, 002
 732,       23, 002
 733,       27, 002
 734,       22, 002
 735,       25, 002
 736,       29, 002
 737,       27, 002
 738,       37, 002
 739,       31, 002
 740,       38, 002
 741,       32, 002
 742,       37, 002
 743,       47, 002
 744,       43, 002
 745,       45, 002
 746,       60, 002
 747,       40, 002
 748,       54, 002
 749,       40, 002
 750,       66, 002
 751,       70, 002
 752,       58, 002
 753,       53, 002
 754,       53, 002
 755,       63, 002
 756,       68, 002
 757,       63, 002
 758,       66, 002
 759,       75, 002
 760,       57, 002
 761,       51, 002
 762,       58, 002
 763,       63, 002
 764,       57, 002
 765,       48, 002
 766,       55, 002
 767,       61, 002
 768,       62, 002
 769,       64, 002
 770,       50, 002
 771,       44, 002
 772,       56, 002
 773,       41, 002
 774,       45, 002
 775,       31, 002
 776,       40, 002
 777,       31, 002
 778,       35, 002
 779,       29, 002
 780,       30, 002
 781,       29, 002
 782,       18, 002
 783,       17, 002
 784,       11, 002
 785,       16, 002
 786,       15, 002
 787,       14, 002
 788,       14, 002
 789,       14, 002
 790,       15, 002
 791,       10, 002
 792,       11, 002
 793,        5, 002
 794,        8, 002
 795,        4, 002
 796,        7, 002
 797,        5, 002
 798,        9, 002
 799,        4, 002
 800,        8, 002
 801,        8, 002
 802,        4, 002
 803,        2, 002
 804,        4, 002
 805,        2, 000
 806,        0, 000
 807,        5, 000
 808,        3, 000
 809,        5, 000
 810,        1, 000
 811,        5, 000
 812,        3, 000
 813,        2, 000
 814,        2, 000
 815,        3, 000
 816,        6, 000
 817,        3, 000
 818,        3, 000
 819,        3, 000
 820,        3, 000
 821,        6, 000
 822,        3, 000
 823,        3, 000
 824,        7, 000
 825,        4, 000
 826,        6, 003
 827,        8, 003
 828,       12, 003
 829,        9, 003
 830,       13, 003
 831,       11, 003
 832,       16, 003
 833,       12, 003
 834,       21, 003
 835,       12, 003
 836,       19, 003
 837,       28, 003
 838,       26, 003
 839,       27, 003
 840,       22, 003
 841,       20, 003
 842,       18, 003
 843,       30, 003
 844,       40, 003
 845,       36, 003
 846,       29, 003
 847,       35, 003
 848,       45, 003
 849,       44, 003
 850,       45, 003
 851,       54, 003
 852,       48, 003
 853,       43, 003
 854,       53, 003
 855,       46, 003
 856,       41, 003
 857,       48, 003
 858,       48, 003
 859,       57, 003
 860,       45, 003
 861,       55, 003
 862,       47, 003
 863,       51, 003
 864,       55, 003
 865,       41, 003
 866,       60, 003
 867,       43, 003
 868,       53, 003
 869,       47, 003
 870,       42, 003
 871,       49, 003
 872,       52, 003
 873,       51, 003
 874,       33, 003
 875,       32, 003
 876,       42, 003
 877,       37, 003
 878,       34, 003
 879,       33, 003
 880,       25, 003
 881,       30, 003
 882,       27, 003
 883,       29, 003
 884,       17, 003
 885,       23, 003
 886,       14, 003
 887,       16, 003
 888,       13, 003
 889,       14, 003
 890,       11, 003
 891,       12, 003
 892,       11, 003
 893,        5, 003
 894,        7, 003
 895,        6, 003
 896,       10, 003
 897,        6, 003
 898,        7, 003
 899,        5, 003
 900,        9, 003
 901,        4, 003
 902,        3, 003
 903,        4, 000
 904,        5, 000
 905,        2, 000
 906,        1, 000
 907,        1, 000
 908,        3, 000
 909,        2, 000
 910,        1, 000
 911,        2, 000
 912,        1, 000
 913,        3, 000
 914,        2, 000
 915,        4, 000
 916,        0, 000
 917,        2, 000
 918,        3, 000
 919,        2, 000
 920,        4, 000
 921,        2, 000
 922,        1, 000
 923,        3, 000
 924,        4, 000
 925,        1, 000
 926,        5, 000
 927,        4, 000
 928,        3, 000
 929,        4, 000
 930,        3, 000
 931,        4, 000
 932,        4, 000
 933,        0, 000
 934,        4, 000
 935,        4, 000
 936,        4, 000
 937,        2, 000
 938,        6, 000
 939,        3, 000
 940,        9, 000
 941,        4, 000
 942,        4, 000
 943,        4, 000
 944,        7, 000
 945,        5, 000
 946,        3, 000
 947,        4, 000
 948,        1, 000
 949,        1, 000
 950,        3, 000
 951,        5, 000
 952,        2, 000
 953,        3, 000
 954,        2, 000
 955,        5, 000
 956,        2, 000
 957,        2, 000
 958,        1, 000
 959,        3, 000
 960,        3, 000
 961,        7, 000
 962,        5, 000
 963,        1, 000
 964,        1, 000
 965,        0, 000
 966,        3, 000
 967,        2, 000
 968,        4, 000
 969,        4, 000
 970,        4, 000
 971,        2, 000
 972,        1, 000
 973,        2, 000
 974,        0, 000
 975,        2, 000
 976,        0, 000
 977,        1, 000
 978,        0, 000
 979,        1, 000
 980,        0, 000
 981,        0, 000
 982,        1, 000
 983,        1, 000
 984,        1, 000
 985,        1, 000
 986,        0, 000
 987,        0, 000
 988,        1, 000
 989,        1, 000
 990,        1, 000
 991,        3, 000
 992,        0, 000
 993,        1, 000
 994,        0, 000
 995,        1, 000
 996,        0, 000
 997,        0, 000
 998,        2, 000
 999,        1, 000
1000,        1, 000
1001,        0, 000
1002,        0, 000
1003,        1, 000
1004,        0, 000
1005,        0, 000
1006,        0, 000
1007,        0, 000
1008,        1, 000
1009,        0, 000
1010,        0, 000
1011,        0, 000
1012,        1, 000
1013,        0, 000
1014,        0, 000
1015,        1, 000
1016,        1, 000
1017,        1, 000
1018,        0, 000
1019,        0, 000
1020,        2, 000
1021,        0, 000
1022,        2, 000
1023,        2, 000

 ROI:01  Beg: 0038 Chn                           End: 0104 Chn                 
         Ctrd:      64.10 Chn                 
         Fwhm:      32.96 Chn                 
         Gross Integral:       9877 cts        Net Integral:       2909 cts

 ROI:02  Beg: 0730 Chn                           End: 0804 Chn                 
         Ctrd:     760.24 Chn                 
         Fwhm:      32.42 Chn                 
         Gross Integral:       2592 cts        Net Integral:       1805 cts

 ROI:03  Beg: 0826 Chn                           End: 0902 Chn                 
         Ctrd:     861.42 Chn                 
         Fwhm:      36.82 Chn                 
         Gross Integral:       2228 cts        Net Integral:       1856 cts
