# Chn Amplitude
0 0
1 0
2 0
3 0
4 0
5 0
6 0
7 1
8 3
9 6
10 9
11 12
12 16
13 20
14 25
15 29
16 34
17 38
18 43
19 46
20 49
21 51
22 54
23 57
24 59
25 62
26 64
27 65
28 65
29 65
30 65
31 67
32 69
33 71
34 73
35 74
36 76
37 78
38 81
39 84
40 87
41 90
42 94
43 98
44 102
45 107
46 112
47 117
48 122
49 126
50 131
51 137
52 142
53 148
54 153
55 157
56 160
57 163
58 166
59 168
60 170
61 171
62 173
63 174
64 175
65 175
66 175
67 175
68 173
69 172
70 171
71 170
72 169
73 168
74 168
75 167
76 166
77 165
78 164
79 162
80 161
81 159
82 158
83 156
84 155
85 153
86 152
87 150
88 149
89 147
90 146
91 145
92 144
93 143
94 142
95 141
96 139
97 138
98 137
99 135
100 134
101 133
102 131
103 130
104 129
105 127
106 126
107 124
108 122
109 121
110 119
111 118
112 116
113 114
114 113
115 111
116 109
117 108
118 106
119 105
120 103
121 102
122 101
123 100
124 100
125 99
126 99
127 98
128 97
129 97
130 96
131 96
132 96
133 96
134 96
135 96
136 95
137 95
138 95
139 95
140 95
141 95
142 95
143 94
144 94
145 94
146 93
147 93
148 92
149 91
150 91
151 91
152 91
153 91
154 91
155 91
156 92
157 93
158 93
159 93
160 92
161 92
162 91
163 91
164 90
165 89
166 88
167 87
168 86
169 84
170 82
171 81
172 78
173 76
174 74
175 72
176 70
177 68
178 67
179 65
180 63
181 61
182 60
183 59
184 59
185 58
186 58
187 58
188 59
189 60
190 60
191 59
192 59
193 57
194 56
195 55
196 54
197 52
198 51
199 51
200 50
201 50
202 50
203 50
204 50
205 50
206 49
207 49
208 48
209 47
210 47
211 46
212 45
213 44
214 43
215 43
216 43
217 43
218 43
219 43
220 43
221 43
222 43
223 43
224 43
225 43
226 42
227 42
228 41
229 41
230 40
231 40
232 40
233 40
234 40
235 39
236 39
237 39
238 39
239 38
240 38
241 38
242 37
243 37
244 37
245 36
246 36
247 35
248 35
249 34
250 34
251 33
252 33
253 32
254 31
255 31
256 31
257 31
258 31
259 31
260 31
261 31
262 31
263 31
264 31
265 31
266 30
267 30
268 30
269 29
270 29
271 29
272 29
273 29
274 29
275 29
276 29
277 29
278 29
279 29
280 29
281 28
282 28
283 28
284 28
285 28
286 28
287 28
288 28
289 28
290 28
291 28
292 28
293 29
294 29
295 29
296 29
297 29
298 29
299 29
300 28
301 28
302 28
303 28
304 28
305 28
306 28
307 28
308 28
309 28
310 28
311 28
312 28
313 28
314 28
315 28
316 28
317 28
318 28
319 27
320 27
321 27
322 27
323 27
324 27
325 27
326 27
327 27
328 27
329 27
330 27
331 27
332 27
333 27
334 27
335 27
336 27
337 27
338 27
339 27
340 27
341 27
342 27
343 26
344 26
345 26
346 26
347 26
348 25
349 25
350 25
351 24
352 24
353 24
354 24
355 24
356 24
357 24
358 24
359 24
360 24
361 24
362 24
363 24
364 24
365 24
366 24
367 24
368 24
369 24
370 24
371 24
372 24
373 24
374 24
375 24
376 24
377 24
378 24
379 25
380 25
381 25
382 25
383 25
384 26
385 26
386 26
387 26
388 26
389 26
390 27
391 27
392 27
393 27
394 27
395 27
396 27
397 27
398 27
399 27
400 27
401 26
402 26
403 26
404 26
405 26
406 26
407 26
408 26
409 25
410 25
411 25
412 25
413 25
414 25
415 25
416 25
417 25
418 25
419 25
420 25
421 25
422 25
423 25
424 25
425 25
426 25
427 25
428 25
429 25
430 25
431 25
432 25
433 25
434 25
435 25
436 25
437 25
438 25
439 25
440 25
441 25
442 25
443 24
444 24
445 24
446 24
447 23
448 23
449 24
450 24
451 24
452 24
453 24
454 25
455 25
456 24
457 24
458 24
459 24
460 24
461 24
462 23
463 23
464 23
465 23
466 23
467 23
468 23
469 23
470 23
471 23
472 23
473 23
474 23
475 23
476 23
477 24
478 24
479 24
480 24
481 24
482 24
483 25
484 25
485 25
486 25
487 26
488 26
489 26
490 27
491 27
492 27
493 28
494 28
495 28
496 28
497 28
498 27
499 27
500 27
501 26
502 26
503 26
504 26
505 26
506 26
507 26
508 26
509 26
510 26
511 26
512 26
513 26
514 26
515 26
516 26
517 26
518 27
519 27
520 27
521 27
522 27
523 27
524 27
525 27
526 27
527 27
528 27
529 27
530 27
531 27
532 27
533 27
534 27
535 27
536 27
537 28
538 28
539 28
540 28
541 28
542 28
543 29
544 29
545 29
546 29
547 30
548 30
549 30
550 30
551 30
552 30
553 30
554 30
555 29
556 29
557 29
558 28
559 28
560 29
561 29
562 29
563 30
564 30
565 31
566 31
567 31
568 31
569 31
570 31
571 31
572 31
573 31
574 31
575 31
576 30
577 30
578 30
579 30
580 31
581 31
582 31
583 31
584 31
585 31
586 31
587 31
588 31
589 31
590 31
591 30
592 30
593 30
594 30
595 30
596 30
597 30
598 30
599 30
600 30
601 30
602 29
603 29
604 29
605 29
606 29
607 29
608 28
609 28
610 28
611 28
612 28
613 27
614 27
615 27
616 27
617 26
618 26
619 26
620 25
621 25
622 25
623 24
624 24
625 24
626 23
627 23
628 23
629 22
630 22
631 22
632 22
633 21
634 21
635 21
636 21
637 20
638 20
639 20
640 20
641 20
642 20
643 20
644 20
645 19
646 19
647 19
648 19
649 19
650 19
651 19
652 19
653 18
654 18
655 18
656 18
657 18
658 18
659 18
660 18
661 18
662 18
663 18
664 18
665 18
666 18
667 18
668 18
669 18
670 18
671 18
672 18
673 19
674 19
675 19
676 19
677 19
678 20
679 20
680 20
681 20
682 20
683 20
684 19
685 19
686 19
687 19
688 19
689 19
690 18
691 18
692 18
693 17
694 17
695 17
696 17
697 16
698 16
699 16
700 16
701 15
702 15
703 15
704 15
705 14
706 14
707 13
708 13
709 13
710 12
711 12
712 12
713 12
714 12
715 12
716 12
717 12
718 12
719 12
720 12
721 12
722 13
723 13
724 13
725 14
726 14
727 15
728 16
729 17
730 18
731 19
732 20
733 22
734 23
735 25
736 27
737 29
738 31
739 33
740 35
741 38
742 40
743 42
744 44
745 45
746 47
747 48
748 50
749 51
750 52
751 54
752 55
753 56
754 57
755 58
756 59
757 59
758 60
759 60
760 60
761 60
762 59
763 59
764 58
765 57
766 56
767 55
768 54
769 52
770 50
771 48
772 45
773 43
774 40
775 38
776 36
777 34
778 32
779 30
780 28
781 25
782 23
783 22
784 20
785 18
786 17
787 15
788 14
789 13
790 12
791 11
792 10
793 9
794 8
795 7
796 6
797 6
798 5
799 5
800 4
801 4
802 4
803 3
804 3
805 3
806 3
807 3
808 3
809 3
810 2
811 2
812 2
813 2
814 2
815 2
816 2
817 2
818 2
819 2
820 2
821 2
822 3
823 3
824 4
825 5
826 6
827 6
828 8
829 9
830 10
831 11
832 13
833 14
834 16
835 17
836 19
837 21
838 23
839 24
840 26
841 27
842 29
843 30
844 31
845 33
846 34
847 35
848 37
849 38
850 40
851 41
852 43
853 44
854 45
855 46
856 47
857 48
858 48
859 48
860 49
861 49
862 49
863 48
864 48
865 48
866 48
867 47
868 46
869 46
870 45
871 44
872 43
873 42
874 40
875 39
876 38
877 36
878 35
879 33
880 31
881 29
882 27
883 25
884 23
885 20
886 18
887 16
888 15
889 14
890 12
891 11
892 10
893 10
894 9
895 8
896 7
897 6
898 6
899 5
900 5
901 5
902 5
903 4
904 4
905 3
906 3
907 2
908 2
909 1
910 0
911 0
912 0
913 0
914 0
915 0
916 0
917 1
918 1
919 1
920 1
921 1
922 1
923 1
924 1
925 1
926 1
927 1
928 2
929 2
930 2
931 2
932 2
933 3
934 3
935 3
936 3
937 3
938 3
939 3
940 3
941 3
942 3
943 3
944 3
945 3
946 3
947 3
948 3
949 3
950 3
951 3
952 2
953 2
954 2
955 2
956 2
957 2
958 2
959 2
960 2
961 2
962 1
963 1
964 1
965 1
966 1
967 1
968 0
969 0
970 0
971 0
972 0
973 0
974 0
975 0
976 0
977 0
978 0
979 0
980 0
981 0
982 1
983 1
984 1
985 0
986 0
987 0
988 0
989 0
990 0
991 0
992 0
993 0
994 0
995 0
996 0
997 0
998 0
999 0
1000 0
1001 0
1002 0
1003 0
1004 0
1005 0
1006 0
1007 0
1008 0
1009 0
1010 0
1011 0
1012 0
1013 0
1014 0
1015 0
1016 0
1017 0
1018 0
1019 0
1020 0
1021 0
1022 0
1023 0
