# Chn Amplitude
-3 8
-1 9
0 11
1 13
3 16
4 20
6 23
7 26
9 30
10 33
12 37
13 40
15 44
17 47
18 50
20 52
21 55
23 57
24 58
26 60
28 60
29 61
31 62
32 64
34 66
35 69
37 71
38 73
40 75
42 78
43 81
45 84
46 87
48 91
49 94
51 99
53 103
54 108
56 112
57 117
59 121
60 125
62 129
63 133
65 138
67 142
68 146
70 150
71 154
73 157
74 160
76 163
78 165
79 168
81 170
82 171
84 172
85 173
87 173
88 173
90 172
92 171
93 170
95 169
96 168
98 168
99 167
101 165
103 164
104 162
106 161
107 159
109 158
110 157
112 156
114 155
115 154
117 153
118 152
120 151
121 150
123 149
124 147
126 147
128 146
129 145
131 144
132 142
134 141
135 139
137 138
139 136
140 134
142 132
143 131
145 129
146 128
148 126
149 125
151 123
153 122
154 120
156 119
157 117
159 116
160 114
162 113
164 111
165 110
167 108
168 107
170 106
171 104
173 103
174 102
176 101
178 100
179 99
181 98
182 97
184 96
185 95
187 95
189 94
190 94
192 94
193 93
195 93
196 93
198 93
199 93
201 94
203 94
204 95
206 95
207 95
209 95
210 95
212 94
214 94
215 94
217 93
218 93
220 93
221 93
223 92
224 92
226 92
228 91
229 91
231 91
232 90
234 90
235 89
237 88
239 87
240 87
242 86
243 85
245 84
246 82
248 81
249 79
251 77
253 75
254 73
256 71
257 70
259 69
260 68
262 67
264 65
265 65
267 64
268 63
270 62
271 61
273 61
275 60
276 59
278 59
279 59
281 58
282 57
284 57
285 56
287 55
289 54
290 54
292 53
293 52
295 51
296 51
298 50
300 50
301 50
303 49
304 49
306 49
307 48
309 48
310 47
312 47
314 46
315 46
317 45
318 45
320 44
321 44
323 43
325 43
326 42
328 42
329 41
331 41
332 41
334 40
335 40
337 40
339 39
340 39
342 39
343 39
345 39
346 38
348 38
350 38
351 38
353 38
354 38
356 37
357 37
359 37
360 37
362 36
364 36
365 36
367 35
368 35
370 35
371 34
373 34
375 34
376 33
378 33
379 32
381 32
382 32
384 31
385 31
387 31
389 31
390 30
392 30
393 30
395 30
396 30
398 30
400 30
401 29
403 29
404 29
406 29
407 29
409 29
410 29
412 29
414 28
415 28
417 28
418 28
420 28
421 28
423 28
425 28
426 28
428 27
429 27
431 27
432 27
434 27
435 27
437 27
439 27
440 27
442 27
443 27
445 27
446 27
448 27
450 27
451 27
453 27
454 27
456 27
457 27
459 27
461 27
462 27
464 27
465 27
467 27
468 27
470 27
471 27
473 27
475 27
476 27
478 27
479 27
481 27
482 27
484 26
486 26
487 26
489 26
490 26
492 26
493 26
495 26
496 26
498 26
500 26
501 26
503 25
504 25
506 25
507 25
509 25
511 25
512 25
514 25
515 25
517 25
518 25
520 25
521 25
523 25
525 25
526 25
528 25
529 25
531 24
532 24
534 24
536 24
537 24
539 24
540 24
542 24
543 24
545 24
546 24
548 24
550 24
551 24
553 24
554 24
556 23
557 23
559 23
561 23
562 23
564 23
565 23
567 23
568 23
570 23
571 23
573 23
575 24
576 24
578 24
579 24
581 24
582 24
584 24
586 24
587 24
589 24
590 24
592 24
593 24
595 24
596 24
598 24
600 25
601 25
603 25
604 25
606 25
607 25
609 25
611 25
612 25
614 25
615 25
617 25
618 25
620 25
622 25
623 25
625 25
626 25
628 25
629 25
631 25
632 25
634 25
636 25
637 25
639 25
640 25
642 25
643 25
645 25
647 25
648 25
650 25
651 25
653 25
654 25
656 24
657 24
659 24
661 24
662 24
664 24
665 24
667 24
668 24
670 24
672 24
673 24
675 24
676 24
678 24
679 24
681 24
682 24
684 23
686 23
687 23
689 23
690 23
692 23
693 23
695 23
697 23
698 23
700 22
701 22
703 22
704 22
706 22
707 22
709 22
711 22
712 22
714 22
715 22
717 22
718 22
720 22
722 22
723 22
725 22
726 22
728 22
729 23
731 23
732 23
734 23
736 23
737 23
739 23
740 23
742 24
743 24
745 24
747 24
748 24
750 25
751 25
753 25
754 25
756 25
757 26
759 26
761 26
762 26
764 26
765 26
767 26
768 26
770 26
772 26
773 26
775 26
776 26
778 26
779 26
781 26
782 26
784 26
786 26
787 26
789 26
790 26
792 26
793 26
795 26
797 26
798 26
800 26
801 26
803 26
804 26
806 26
808 26
809 26
811 26
812 26
814 26
815 26
817 26
818 26
820 26
822 26
823 26
825 26
826 26
828 27
829 27
831 27
833 27
834 27
836 27
837 27
839 27
840 27
842 28
843 28
845 28
847 28
848 28
850 28
851 28
853 28
854 29
856 29
858 29
859 29
861 29
862 29
864 29
865 29
867 29
868 29
870 29
872 29
873 30
875 30
876 30
878 30
879 30
881 30
883 30
884 30
886 30
887 30
889 30
890 30
892 30
893 30
895 30
897 30
898 30
900 30
901 30
903 30
904 30
906 30
908 30
909 30
911 30
912 30
914 30
915 30
917 30
918 29
920 29
922 29
923 29
925 29
926 29
928 28
929 28
931 28
933 28
934 27
936 27
937 27
939 27
940 26
942 26
943 26
945 26
947 25
948 25
950 25
951 24
953 24
954 23
956 23
958 23
959 22
961 22
962 22
964 22
965 22
967 21
968 21
970 21
972 21
973 21
975 21
976 20
978 20
979 20
981 20
983 20
984 20
986 20
987 20
989 19
990 19
992 19
994 19
995 19
997 19
998 19
1000 18
1001 18
1003 18
1004 18
1006 18
1008 18
1009 18
1011 18
1012 18
1014 18
1015 18
1017 18
1019 17
1020 17
1022 17
1023 17
1025 17
1026 17
1028 17
1029 17
1031 17
1033 17
1034 17
1036 17
1037 17
1039 17
1040 17
1042 17
1044 17
1045 17
1047 17
1048 17
1050 17
1051 18
1053 18
1054 18
1056 18
1058 18
1059 18
1061 18
1062 18
1064 17
1065 17
1067 17
1069 17
1070 17
1072 17
1073 16
1075 16
1076 16
1078 16
1079 15
1081 15
1083 15
1084 14
1086 14
1087 14
1089 13
1090 13
1092 13
1094 13
1095 12
1097 12
1098 11
1100 11
1101 11
1103 10
1104 10
1106 10
1108 10
1109 10
1111 10
1112 11
1114 11
1115 12
1117 13
1119 13
1120 14
1122 15
1123 16
1125 17
1126 19
1128 20
1129 22
1131 23
1133 25
1134 26
1136 28
1137 29
1139 31
1140 33
1142 34
1144 36
1145 38
1147 40
1148 42
1150 44
1151 47
1153 49
1155 51
1156 53
1158 55
1159 56
1161 57
1162 57
1164 58
1165 58
1167 58
1169 58
1170 58
1172 58
1173 58
1175 57
1176 56
1178 55
1180 54
1181 53
1183 51
1184 50
1186 49
1187 48
1189 46
1190 45
1192 43
1194 41
1195 39
1197 37
1198 35
1200 32
1201 30
1203 27
1205 24
1206 22
1208 20
1209 18
1211 17
1212 16
1214 14
1215 13
1217 13
1219 12
1220 11
1222 10
1223 9
1225 8
1226 8
1228 8
1230 7
1231 7
1233 6
1234 6
1236 5
1237 5
1239 4
1240 3
1242 2
1244 2
1245 1
1247 1
1248 1
1250 1
1251 1
1253 1
1255 1
1256 1
1258 1
1259 1
1261 1
1262 2
1264 2
1265 2
1267 3
1269 3
1270 3
1272 4
1273 4
1275 5
1276 6
1278 6
1280 7
1281 8
1283 9
1284 10
1286 11
1287 13
1289 14
1290 16
1292 17
1294 19
1295 21
1297 23
1298 25
1300 27
1301 29
1303 31
1305 34
1306 36
1308 37
1309 39
1311 40
1312 41
1314 42
1315 43
1317 43
1319 44
1320 44
1322 45
1323 46
1325 46
1326 46
1328 46
1330 46
1331 46
1333 46
1334 46
1336 46
1337 45
1339 45
1341 44
1342 44
1344 43
1345 42
1347 41
1348 40
1350 38
1351 36
1353 35
1355 33
1356 31
1358 29
1359 28
1361 27
1362 26
1364 24
1366 23
1367 22
1369 21
1370 19
1372 18
1373 16
1375 15
1376 14
1378 12
1380 11
1381 10
1383 8
1384 7
1386 7
1387 6
1389 5
1391 4
1392 4
1394 3
1395 3
1397 2
1398 2
1400 2
1401 2
1403 2
1405 2
1406 2
1408 2
1409 2
1411 1
1412 1
1414 1
1416 0
1417 0
1419 0
1420 0
1422 0
1423 0
1425 0
1426 0
1428 0
1430 0
1431 0
1433 0
1434 0
1436 0
1437 0
1439 0
1441 0
1442 0
1444 0
1445 0
1447 0
1448 1
1450 1
1451 1
1453 1
1455 1
1456 1
1458 1
1459 1
1461 2
1462 2
1464 2
1466 2
1467 2
1469 2
1470 2
1472 2
1473 2
1475 2
1476 2
1478 2
1480 2
1481 2
1483 2
1484 2
1486 2
1487 1
1489 1
1491 1
1492 1
1494 1
1495 1
1497 1
1498 0
1500 0
1502 0
1503 0
1505 0
1506 0
1508 0
1509 0
1511 0
1512 0
1514 0
1516 0
1517 0
1519 0
1520 0
1522 0
1523 0
1525 0
1527 0
1528 0
1530 0
1531 0
1533 0
1534 0
1536 0
1537 0
1539 0
1541 0
1542 0
1544 0
1545 0
1547 0
1548 0
1550 0
1552 0
1553 0
1555 0
1556 0
1558 0
1559 0
1561 0
1562 0
1564 0
1566 0
1567 0
1569 0
1570 0
1572 0
1573 0
1575 0
1577 0
1578 0
1580 0
1581 0
1583 0
