# Chn Amplitude
-8 0
-7 3
-5 3
-4 0
-2 3
0 80
0 205
2 251
3 275
5 304
6 333
8 355
9 374
11 387
13 395
14 334
16 226
17 195
19 189
20 185
22 196
24 238
25 309
27 405
28 559
30 815
31 1190
33 1600
34 1893
36 2041
38 2121
39 2175
41 2192
42 2147
44 2012
45 1756
47 1379
49 966
50 670
52 510
53 408
55 309
56 226
58 187
59 172
61 168
63 172
64 177
66 182
67 187
69 194
70 202
72 211
73 220
75 230
77 240
78 251
80 264
81 277
83 293
84 308
86 323
88 335
89 342
91 345
92 344
94 341
95 335
97 327
98 316
100 302
102 287
103 271
105 256
106 245
108 244
109 253
111 270
113 306
114 365
116 450
117 560
119 683
120 801
122 902
123 972
125 1010
127 1020
128 996
130 938
131 850
133 738
134 614
136 489
138 380
139 301
141 248
142 213
144 192
145 182
147 178
148 177
150 177
152 179
153 180
155 178
156 176
158 177
159 178
161 179
163 179
164 178
166 176
167 174
169 172
170 170
172 168
173 166
175 164
177 161
178 157
180 154
181 150
183 148
184 146
186 144
188 142
189 139
191 137
192 134
194 132
195 130
197 128
198 126
200 124
202 123
203 123
205 122
206 121
208 121
209 121
211 120
213 119
214 118
216 116
217 114
219 113
220 113
222 113
223 114
225 115
227 116
228 118
230 120
231 124
233 129
234 136
236 144
238 152
239 161
241 170
242 178
244 185
245 191
247 194
248 195
250 193
252 189
253 182
255 173
256 162
258 151
259 139
261 127
263 116
264 107
266 99
267 92
269 87
270 82
272 77
273 74
275 71
277 69
278 67
280 66
281 65
283 65
284 65
286 66
287 66
289 66
291 65
292 65
294 64
295 63
297 62
298 61
300 60
302 59
303 59
305 58
306 58
308 58
309 58
311 58
312 59
314 59
316 59
317 60
319 62
320 64
322 69
323 74
325 82
327 92
328 104
330 118
331 132
333 147
334 162
336 177
337 192
339 207
341 221
342 233
344 244
345 253
347 259
348 263
350 264
352 260
353 254
355 244
356 233
358 219
359 205
361 190
362 174
364 159
366 144
367 130
369 116
370 104
372 92
373 82
375 73
377 65
378 59
380 53
381 49
383 46
384 44
386 42
387 41
389 39
391 39
392 38
394 37
395 37
397 37
398 37
400 38
402 38
403 39
405 40
406 41
408 41
409 42
411 43
412 44
414 44
416 45
417 46
419 47
420 47
422 48
423 48
425 47
427 47
428 46
430 45
431 44
433 43
434 42
436 40
437 40
439 39
441 39
442 39
444 39
445 39
447 39
448 39
450 39
452 38
453 38
455 37
456 36
458 35
459 35
461 34
462 33
464 33
466 32
467 32
469 31
470 31
472 30
473 30
475 30
476 29
478 29
480 29
481 28
483 28
484 28
486 28
487 28
489 28
491 28
492 28
494 28
495 28
497 28
498 28
500 28
501 28
503 28
505 28
506 28
508 28
509 28
511 28
512 27
514 27
516 27
517 27
519 27
520 27
522 27
523 27
525 27
526 26
528 26
530 26
531 26
533 26
534 26
536 26
537 25
539 26
541 26
542 26
544 26
545 26
547 26
548 26
550 27
551 27
553 27
555 27
556 27
558 27
559 28
561 28
562 28
564 28
566 28
567 28
569 28
570 27
572 27
573 27
575 27
576 27
578 26
580 26
581 26
583 26
584 25
586 25
587 25
589 25
591 24
592 24
594 24
595 24
597 24
598 23
600 23
601 23
603 23
605 22
606 22
608 22
609 22
611 22
612 22
614 22
616 22
617 22
619 22
620 22
622 22
623 22
625 22
626 22
628 22
630 23
631 23
633 23
634 23
636 23
637 23
639 23
641 23
642 23
644 23
645 23
647 23
648 23
650 23
651 23
653 23
655 23
656 24
658 24
659 24
661 24
662 24
664 24
665 23
667 23
669 22
670 21
672 21
673 21
675 21
676 21
678 22
680 23
681 24
683 25
684 27
686 27
687 28
689 28
690 28
692 28
694 27
695 26
697 25
698 25
700 24
701 24
703 23
705 23
706 22
708 22
709 22
711 21
712 21
714 21
715 20
717 20
719 20
720 19
722 19
723 19
725 19
726 19
728 19
730 19
731 19
733 19
734 19
736 20
737 20
739 20
740 21
742 22
744 22
745 23
747 24
748 25
750 26
751 27
753 27
755 28
756 29
758 30
759 31
761 32
762 33
764 34
765 35
767 36
769 37
770 38
772 39
773 39
775 40
776 41
778 41
780 42
781 42
783 42
784 42
786 42
787 42
789 41
790 41
792 40
794 39
795 37
797 36
798 35
800 33
801 32
803 31
805 29
806 28
808 27
809 25
811 24
812 23
814 22
815 21
817 21
819 20
820 20
822 20
823 19
825 19
826 19
828 19
830 19
831 19
833 19
834 19
836 19
837 19
839 19
840 19
842 19
844 19
845 19
847 19
848 19
850 19
851 19
853 20
854 20
856 20
858 20
859 20
861 20
862 19
864 19
865 19
867 19
869 18
870 18
872 18
873 17
875 17
876 16
878 16
879 15
881 15
883 14
884 14
886 14
887 13
889 13
890 13
892 12
894 12
895 12
897 12
898 12
900 11
901 11
903 11
904 11
906 11
908 11
909 12
911 12
912 12
914 12
915 12
917 13
919 13
920 14
922 14
923 15
925 15
926 16
928 16
929 17
931 17
933 18
934 18
936 19
937 20
939 20
940 21
942 22
944 22
945 23
947 24
948 24
950 25
951 25
953 26
954 26
956 26
958 27
959 27
961 27
962 27
964 27
965 27
967 26
969 26
970 26
972 25
973 25
975 24
976 23
978 23
979 22
981 21
983 20
984 20
986 19
987 18
989 17
990 17
992 16
994 15
995 14
997 14
998 13
1000 13
1001 12
1003 11
1004 11
1006 10
1008 10
1009 9
1011 9
1012 9
1014 8
1015 8
1017 8
1019 8
1020 8
1022 8
1023 8
1025 8
1026 8
1028 8
1029 9
1031 9
1033 9
1034 9
1036 10
1037 10
1039 10
1040 11
1042 11
1044 11
1045 11
1047 12
1048 12
1050 13
1051 13
1053 13
1054 14
1056 14
1058 15
1059 16
1061 16
1062 17
1064 18
1065 19
1067 19
1068 20
1070 21
1072 22
1073 23
1075 24
1076 25
1078 26
1079 27
1081 28
1083 28
1084 29
1086 30
1087 30
1089 31
1090 31
1092 31
1093 31
1095 31
1097 31
1098 31
1100 31
1101 30
1103 30
1104 30
1106 29
1108 29
1109 28
1111 28
1112 27
1114 27
1115 26
1117 25
1118 25
1120 24
1122 23
1123 23
1125 22
1126 21
1128 20
1129 19
1131 19
1133 18
1134 17
1136 16
1137 15
1139 14
1140 14
1142 13
1143 12
1145 12
1147 11
1148 10
1150 10
1151 9
1153 8
1154 8
1156 7
1158 7
1159 6
1161 6
1162 6
1164 5
1165 5
1167 5
1168 5
1170 5
1172 5
1173 5
1175 5
1176 5
1178 5
1179 5
1181 5
1183 5
1184 5
1186 5
1187 5
1189 5
1190 5
1192 5
1193 4
1195 4
1197 4
1198 4
1200 4
1201 4
1203 4
1204 4
1206 4
1208 4
1209 4
1211 4
1212 4
1214 3
1215 3
1217 3
1218 3
1220 3
1222 3
1223 3
1225 3
1226 3
1228 3
1229 3
1231 3
1233 3
1234 3
1236 3
1237 3
1239 3
1240 3
1242 3
1243 3
1245 3
1247 3
1248 3
1250 3
1251 3
1253 2
1254 2
1256 2
1257 2
1259 2
1261 2
1262 2
1264 2
1265 2
1267 2
1268 2
1270 2
1272 2
1273 1
1275 1
1276 1
1278 1
1279 1
1281 1
1282 1
1284 1
1286 1
1287 1
1289 1
1290 1
1292 1
1293 1
1295 1
1297 1
1298 1
1300 1
1301 1
1303 1
1304 1
1306 1
1307 1
1309 1
1311 1
1312 1
1314 1
1315 1
1317 1
1318 1
1320 1
1322 1
1323 1
1325 1
1326 1
1328 1
1329 1
1331 1
1332 1
1334 1
1336 1
1337 2
1339 2
1340 2
1342 2
1343 2
1345 2
1347 2
1348 2
1350 2
1351 2
1353 2
1354 3
1356 3
1357 3
1359 3
1361 4
1362 4
1364 4
1365 4
1367 5
1368 5
1370 6
1372 6
1373 6
1375 7
1376 7
1378 8
1379 8
1381 9
1382 9
1384 9
1386 10
1387 10
1389 11
1390 11
1392 12
1393 12
1395 13
1397 13
1398 14
1400 14
1401 14
1403 15
1404 15
1406 15
1407 15
1409 15
1411 15
1412 15
1414 15
1415 15
1417 15
1418 15
1420 15
1422 14
1423 14
1425 14
1426 13
1428 13
1429 13
1431 12
1432 12
1434 11
1436 11
1437 10
1439 10
1440 9
1442 9
1443 9
1445 8
1446 8
1448 7
1450 7
1451 6
1453 6
1454 6
1456 5
1457 5
1459 5
1461 4
1462 4
1464 4
1465 3
1467 3
1468 3
1470 3
1471 2
1473 2
1475 2
1476 2
1478 2
1479 2
1481 1
1482 1
1484 1
1486 1
1487 1
1489 1
1490 1
1492 1
1493 1
1495 1
1496 1
1498 1
1500 1
1501 1
1503 1
1504 0
1506 0
1507 0
1509 0
1511 0
1512 0
1514 0
1515 0
1517 0
1518 0
1520 0
1521 0
1523 0
1525 0
1526 0
1528 0
1529 0
1531 0
1532 0
1534 0
1536 0
1537 0
1539 0
1540 0
1542 0
1543 0
1545 0
1546 0
1548 0
1550 0
1551 0
1553 0
1554 0
1556 0
1557 0
1559 0
1561 0
1562 0
1564 0
1565 0
1567 0
1568 0
1570 0
1571 0
1573 0
1575 0
1576 0
1578 0
1579 0
1581 0
1582 0
