May 29 2023     09:31:55 am     Elt: 000149 Seconds.  Real Time: 000150
ID: No spectrum identifier defined
Memory Size: 16384 Chls  Conversion Gain: 1024  Adc Offset: 0000 Chls

 Chn    Counts  ROI
   0,        0, 000
   1,        0, 000
   2,        0, 000
   3,        0, 000
   4,        0, 000
   5,        0, 000
   6,        0, 000
   7,        0, 000
   8,        0, 000
   9,        0, 000
  10,        0, 000
  11,        0, 000
  12,        0, 000
  13,      750, 000
  14,     1324, 000
  15,      503, 000
  16,      236, 000
  17,      238, 000
  18,      306, 000
  19,      229, 000
  20,      134, 000
  21,      115, 000
  22,      129, 000
  23,      164, 001
  24,      176, 001
  25,      187, 001
  26,      224, 001
  27,      257, 001
  28,      394, 001
  29,      597, 001
  30,      853, 001
  31,     1098, 001
  32,     1619, 001
  33,     2693, 001
  34,     3981, 001
  35,     4349, 001
  36,     3130, 001
  37,     1696, 001
  38,     1224, 001
  39,     1172, 001
  40,      978, 001
  41,      619, 001
  42,      322, 001
  43,      188, 001
  44,      161, 001
  45,      148, 000
  46,      162, 000
  47,      151, 000
  48,      180, 000
  49,      154, 000
  50,      192, 000
  51,      167, 000
  52,      183, 000
  53,      185, 000
  54,      201, 002
  55,      234, 002
  56,      185, 002
  57,      229, 002
  58,      229, 002
  59,      258, 002
  60,      251, 002
  61,      262, 002
  62,      287, 002
  63,      277, 002
  64,      311, 002
  65,      320, 002
  66,      341, 002
  67,      394, 002
  68,      402, 002
  69,      369, 002
  70,      379, 002
  71,      360, 002
  72,      319, 002
  73,      242, 002
  74,      279, 002
  75,      274, 002
  76,      268, 002
  77,      259, 002
  78,      230, 002
  79,      231, 002
  80,      224, 000
  81,      201, 000
  82,      260, 003
  83,      274, 003
  84,      333, 003
  85,      464, 003
  86,      608, 003
  87,      786, 003
  88,     1117, 003
  89,     1327, 003
  90,     1445, 003
  91,     1446, 003
  92,     1251, 003
  93,      964, 003
  94,      740, 003
  95,      523, 003
  96,      376, 003
  97,      247, 003
  98,      243, 003
  99,      189, 000
 100,      192, 000
 101,      187, 000
 102,      157, 000
 103,      189, 000
 104,      181, 000
 105,      144, 000
 106,      158, 000
 107,      199, 000
 108,      191, 000
 109,      180, 000
 110,      182, 000
 111,      189, 000
 112,      172, 000
 113,      190, 000
 114,      171, 000
 115,      165, 000
 116,      180, 000
 117,      167, 000
 118,      176, 000
 119,      180, 000
 120,      144, 000
 121,      189, 000
 122,      159, 000
 123,      163, 000
 124,      147, 000
 125,      168, 000
 126,      167, 000
 127,      140, 000
 128,      148, 000
 129,      146, 000
 130,      126, 000
 131,      141, 000
 132,      130, 000
 133,      139, 000
 134,      139, 000
 135,      121, 000
 136,      129, 000
 137,      122, 000
 138,      109, 000
 139,      125, 000
 140,      125, 000
 141,      136, 000
 142,      116, 000
 143,      119, 000
 144,      116, 000
 145,      124, 000
 146,      124, 000
 147,      113, 000
 148,      112, 000
 149,      121, 000
 150,      116, 000
 151,      116, 000
 152,      125, 000
 153,      113, 000
 154,      103, 000
 155,       96, 004
 156,      116, 004
 157,      131, 004
 158,      113, 004
 159,      130, 004
 160,      135, 004
 161,      137, 004
 162,      144, 004
 163,      172, 004
 164,      185, 004
 165,      186, 004
 166,      212, 004
 167,      219, 004
 168,      220, 004
 169,      195, 004
 170,      215, 004
 171,      213, 004
 172,      174, 004
 173,      151, 004
 174,      159, 004
 175,      155, 004
 176,      130, 004
 177,      124, 004
 178,      105, 004
 179,       96, 004
 180,      103, 004
 181,       85, 004
 182,       66, 004
 183,       78, 000
 184,       73, 000
 185,       61, 000
 186,       62, 000
 187,       73, 000
 188,       66, 000
 189,       59, 000
 190,       67, 000
 191,       60, 000
 192,       71, 000
 193,       64, 000
 194,       74, 000
 195,       64, 000
 196,       56, 000
 197,       71, 000
 198,       62, 000
 199,       68, 000
 200,       71, 000
 201,       57, 000
 202,       58, 000
 203,       62, 000
 204,       54, 000
 205,       58, 000
 206,       55, 000
 207,       64, 000
 208,       66, 000
 209,       68, 000
 210,       63, 000
 211,       64, 000
 212,       46, 000
 213,       42, 005
 214,       61, 005
 215,       54, 005
 216,       72, 005
 217,       63, 005
 218,       82, 005
 219,       94, 005
 220,       99, 005
 221,      117, 005
 222,      154, 005
 223,      157, 005
 224,      161, 005
 225,      184, 005
 226,      221, 005
 227,      219, 005
 228,      210, 005
 229,      270, 005
 230,      239, 005
 231,      278, 005
 232,      289, 005
 233,      293, 005
 234,      297, 005
 235,      229, 005
 236,      274, 005
 237,      251, 005
 238,      254, 005
 239,      203, 005
 240,      230, 005
 241,      176, 005
 242,      149, 005
 243,      148, 005
 244,      146, 005
 245,      108, 005
 246,       95, 005
 247,       87, 005
 248,       84, 005
 249,       77, 005
 250,       55, 005
 251,       61, 005
 252,       52, 005
 253,       45, 005
 254,       49, 005
 255,       34, 000
 256,       38, 000
 257,       52, 000
 258,       37, 000
 259,       37, 000
 260,       35, 000
 261,       35, 000
 262,       35, 000
 263,       34, 000
 264,       40, 000
 265,       45, 000
 266,       40, 000
 267,       38, 000
 268,       34, 000
 269,       43, 000
 270,       57, 000
 271,       39, 000
 272,       47, 000
 273,       45, 000
 274,       38, 000
 275,       54, 000
 276,       35, 000
 277,       46, 000
 278,       47, 000
 279,       47, 000
 280,       45, 000
 281,       57, 000
 282,       49, 000
 283,       55, 000
 284,       44, 000
 285,       51, 000
 286,       43, 000
 287,       32, 000
 288,       44, 000
 289,       46, 000
 290,       36, 000
 291,       33, 000
 292,       39, 000
 293,       44, 000
 294,       47, 000
 295,       46, 000
 296,       36, 000
 297,       42, 000
 298,       52, 000
 299,       44, 000
 300,       37, 000
 301,       34, 000
 302,       31, 000
 303,       41, 000
 304,       32, 000
 305,       36, 000
 306,       38, 000
 307,       40, 000
 308,       28, 000
 309,       25, 000
 310,       27, 000
 311,       38, 000
 312,       30, 000
 313,       21, 000
 314,       30, 000
 315,       30, 000
 316,       24, 000
 317,       35, 000
 318,       24, 000
 319,       28, 000
 320,       28, 000
 321,       32, 000
 322,       22, 000
 323,       26, 000
 324,       21, 000
 325,       27, 000
 326,       38, 000
 327,       35, 000
 328,       33, 000
 329,       24, 000
 330,       31, 000
 331,       28, 000
 332,       33, 000
 333,       25, 000
 334,       33, 000
 335,       24, 000
 336,       31, 000
 337,       23, 000
 338,       24, 000
 339,       24, 000
 340,       31, 000
 341,       22, 000
 342,       31, 000
 343,       30, 000
 344,       24, 000
 345,       40, 000
 346,       31, 000
 347,       27, 000
 348,       29, 000
 349,       31, 000
 350,       18, 000
 351,       31, 000
 352,       33, 000
 353,       24, 000
 354,       32, 000
 355,       26, 000
 356,       26, 000
 357,       28, 000
 358,       21, 000
 359,       22, 000
 360,       26, 000
 361,       29, 000
 362,       36, 000
 363,       21, 000
 364,       26, 000
 365,       32, 000
 366,       32, 000
 367,       35, 000
 368,       27, 000
 369,       26, 000
 370,       26, 000
 371,       24, 000
 372,       29, 000
 373,       30, 000
 374,       31, 000
 375,       32, 000
 376,       24, 000
 377,       29, 000
 378,       24, 000
 379,       23, 000
 380,       23, 000
 381,       40, 000
 382,       25, 000
 383,       28, 000
 384,       25, 000
 385,       21, 000
 386,       25, 000
 387,       20, 000
 388,       21, 000
 389,       24, 000
 390,       30, 000
 391,       30, 000
 392,       30, 000
 393,       32, 000
 394,       16, 000
 395,       24, 000
 396,       15, 000
 397,       23, 000
 398,       26, 000
 399,       20, 000
 400,       21, 000
 401,       22, 000
 402,       22, 000
 403,       29, 000
 404,       25, 000
 405,       19, 000
 406,       22, 000
 407,       14, 000
 408,       27, 000
 409,       24, 000
 410,       27, 000
 411,       22, 000
 412,       23, 000
 413,       27, 000
 414,       28, 000
 415,       22, 000
 416,       31, 000
 417,       21, 000
 418,       28, 000
 419,       25, 000
 420,       17, 000
 421,       21, 000
 422,       22, 000
 423,       21, 000
 424,       20, 000
 425,       31, 000
 426,       31, 000
 427,       20, 000
 428,       22, 000
 429,       32, 000
 430,       26, 000
 431,       27, 000
 432,       19, 000
 433,       40, 000
 434,       21, 000
 435,       23, 000
 436,       21, 000
 437,       15, 000
 438,       12, 000
 439,       23, 000
 440,       19, 000
 441,       22, 000
 442,       22, 000
 443,       21, 000
 444,       21, 000
 445,       23, 000
 446,       32, 000
 447,       29, 000
 448,       24, 000
 449,       24, 000
 450,       28, 000
 451,       42, 000
 452,       28, 000
 453,       39, 000
 454,       30, 000
 455,       27, 000
 456,       32, 000
 457,       30, 000
 458,       25, 000
 459,       18, 000
 460,       26, 000
 461,       22, 000
 462,       25, 000
 463,       18, 000
 464,       23, 000
 465,       26, 000
 466,       25, 000
 467,       16, 000
 468,       24, 000
 469,       18, 000
 470,       17, 000
 471,       20, 000
 472,       20, 000
 473,       16, 000
 474,       30, 000
 475,       16, 000
 476,       15, 000
 477,       22, 000
 478,       18, 000
 479,       18, 000
 480,       21, 006
 481,       23, 006
 482,       16, 006
 483,       21, 006
 484,       17, 006
 485,       16, 006
 486,       18, 006
 487,       25, 006
 488,       27, 006
 489,       24, 006
 490,       32, 006
 491,       35, 006
 492,       27, 006
 493,       25, 006
 494,       39, 006
 495,       31, 006
 496,       32, 006
 497,       38, 006
 498,       37, 006
 499,       27, 006
 500,       33, 006
 501,       45, 006
 502,       27, 006
 503,       34, 006
 504,       45, 006
 505,       46, 006
 506,       40, 006
 507,       41, 006
 508,       52, 006
 509,       43, 006
 510,       45, 006
 511,       32, 006
 512,       49, 006
 513,       45, 006
 514,       50, 006
 515,       52, 006
 516,       41, 006
 517,       40, 006
 518,       34, 006
 519,       38, 006
 520,       37, 006
 521,       39, 006
 522,       35, 006
 523,       27, 006
 524,       36, 006
 525,       36, 006
 526,       35, 006
 527,       20, 006
 528,       26, 006
 529,       20, 006
 530,       28, 006
 531,       22, 006
 532,       18, 006
 533,       24, 000
 534,       21, 000
 535,       18, 000
 536,       15, 000
 537,       17, 000
 538,       21, 000
 539,       15, 000
 540,       18, 000
 541,       12, 000
 542,       32, 000
 543,       22, 000
 544,       16, 000
 545,       15, 000
 546,       26, 000
 547,       15, 000
 548,       16, 000
 549,       17, 000
 550,       19, 000
 551,       22, 000
 552,       14, 000
 553,       25, 000
 554,       18, 000
 555,       21, 000
 556,       30, 000
 557,       21, 000
 558,       23, 000
 559,       19, 000
 560,       16, 000
 561,       18, 000
 562,       22, 000
 563,       22, 000
 564,       19, 000
 565,       26, 000
 566,       15, 000
 567,       18, 000
 568,       16, 000
 569,       16, 000
 570,       12, 000
 571,       23, 000
 572,       13, 000
 573,       19, 000
 574,       22, 000
 575,       10, 000
 576,       18, 000
 577,       19, 000
 578,       12, 000
 579,       16, 000
 580,       21, 000
 581,       13, 000
 582,       13, 000
 583,       11, 000
 584,        9, 000
 585,       14, 000
 586,       16, 000
 587,        6, 000
 588,       15, 000
 589,       11, 000
 590,       13, 000
 591,       12, 000
 592,       13, 000
 593,       17, 000
 594,       12, 000
 595,       14, 000
 596,       12, 000
 597,       14, 007
 598,        8, 007
 599,       12, 007
 600,       21, 007
 601,       10, 007
 602,       17, 007
 603,       16, 007
 604,       18, 007
 605,       18, 007
 606,       16, 007
 607,       17, 007
 608,       28, 007
 609,       20, 007
 610,       14, 007
 611,       18, 007
 612,       22, 007
 613,       20, 007
 614,       23, 007
 615,       25, 007
 616,       23, 007
 617,       23, 007
 618,       28, 007
 619,       24, 007
 620,       29, 007
 621,       24, 007
 622,       33, 007
 623,       29, 007
 624,       36, 007
 625,       24, 007
 626,       26, 007
 627,       28, 007
 628,       22, 007
 629,       23, 007
 630,       35, 007
 631,       34, 007
 632,       25, 007
 633,       23, 007
 634,       30, 007
 635,       22, 007
 636,       24, 007
 637,       22, 007
 638,       25, 007
 639,       23, 007
 640,       17, 007
 641,       25, 007
 642,       19, 007
 643,       21, 007
 644,       14, 007
 645,       17, 007
 646,        5, 007
 647,       11, 007
 648,       17, 007
 649,       16, 007
 650,       13, 007
 651,       12, 000
 652,       12, 000
 653,       12, 000
 654,       13, 000
 655,       14, 000
 656,        7, 000
 657,       10, 000
 658,       14, 000
 659,        9, 000
 660,        6, 000
 661,        5, 000
 662,        6, 000
 663,       12, 000
 664,       11, 000
 665,       10, 000
 666,       15, 000
 667,        7, 000
 668,       11, 000
 669,        8, 000
 670,       15, 000
 671,        6, 000
 672,        7, 000
 673,       13, 000
 674,       12, 000
 675,       13, 000
 676,        8, 000
 677,        3, 000
 678,        9, 000
 679,       12, 000
 680,       13, 000
 681,        9, 000
 682,        9, 000
 683,       12, 000
 684,        9, 000
 685,       18, 008
 686,       20, 008
 687,       18, 008
 688,       16, 008
 689,       23, 008
 690,       26, 008
 691,       18, 008
 692,       22, 008
 693,       13, 008
 694,       20, 008
 695,       23, 008
 696,       29, 008
 697,       20, 008
 698,       25, 008
 699,       26, 008
 700,       29, 008
 701,       25, 008
 702,       28, 008
 703,       27, 008
 704,       39, 008
 705,       27, 008
 706,       38, 008
 707,       35, 008
 708,       36, 008
 709,       29, 008
 710,       28, 008
 711,       34, 008
 712,       37, 008
 713,       35, 008
 714,       27, 008
 715,       36, 008
 716,       40, 008
 717,       23, 008
 718,       40, 008
 719,       30, 008
 720,       30, 008
 721,       26, 008
 722,       32, 008
 723,       25, 008
 724,       22, 008
 725,       26, 008
 726,       17, 008
 727,       25, 008
 728,       26, 008
 729,       26, 008
 730,       23, 008
 731,       18, 008
 732,       24, 008
 733,       14, 008
 734,       19, 008
 735,        9, 008
 736,       19, 000
 737,       20, 000
 738,       14, 000
 739,       12, 000
 740,       17, 000
 741,       19, 000
 742,       13, 000
 743,       10, 000
 744,        6, 000
 745,        8, 000
 746,       14, 000
 747,        8, 000
 748,       11, 000
 749,        4, 000
 750,        8, 000
 751,        7, 000
 752,        6, 000
 753,        6, 000
 754,        3, 000
 755,        8, 000
 756,        8, 000
 757,        8, 000
 758,        5, 000
 759,        6, 000
 760,        7, 000
 761,        4, 000
 762,        4, 000
 763,        6, 000
 764,        9, 000
 765,        9, 000
 766,        5, 000
 767,        8, 000
 768,        5, 000
 769,        7, 000
 770,       11, 000
 771,        4, 000
 772,        7, 000
 773,        4, 000
 774,        5, 000
 775,        5, 000
 776,        5, 000
 777,        6, 000
 778,       11, 000
 779,        6, 000
 780,        4, 000
 781,        4, 000
 782,        5, 000
 783,        5, 000
 784,        5, 000
 785,        5, 000
 786,        5, 000
 787,        2, 000
 788,        6, 000
 789,        4, 000
 790,        7, 000
 791,        6, 000
 792,        2, 000
 793,        3, 000
 794,        5, 000
 795,        3, 000
 796,        2, 000
 797,        1, 000
 798,        2, 000
 799,        1, 000
 800,        5, 000
 801,        4, 000
 802,        6, 000
 803,        1, 000
 804,        3, 000
 805,        4, 000
 806,        3, 000
 807,        2, 000
 808,        2, 000
 809,        8, 000
 810,        4, 000
 811,        3, 000
 812,        3, 000
 813,        0, 000
 814,        3, 000
 815,        3, 000
 816,        3, 000
 817,        5, 000
 818,        2, 000
 819,        3, 000
 820,        5, 000
 821,        1, 000
 822,        2, 000
 823,        2, 000
 824,        0, 000
 825,        4, 000
 826,        5, 000
 827,        5, 000
 828,        2, 000
 829,        3, 000
 830,        2, 000
 831,        8, 000
 832,        3, 000
 833,        4, 000
 834,        3, 000
 835,        3, 000
 836,        3, 000
 837,        4, 000
 838,        1, 000
 839,        2, 000
 840,        3, 000
 841,        2, 000
 842,        2, 000
 843,        5, 000
 844,        2, 000
 845,        4, 000
 846,        2, 000
 847,        5, 000
 848,        2, 000
 849,        2, 000
 850,        1, 000
 851,        3, 000
 852,        2, 000
 853,        2, 000
 854,        4, 000
 855,        1, 000
 856,        0, 000
 857,        2, 000
 858,        1, 000
 859,        3, 000
 860,        0, 000
 861,        2, 000
 862,        1, 000
 863,        1, 000
 864,        1, 000
 865,        2, 000
 866,        2, 000
 867,        0, 000
 868,        3, 000
 869,        3, 000
 870,        4, 000
 871,        1, 000
 872,        7, 000
 873,        4, 000
 874,        2, 009
 875,        0, 009
 876,        3, 009
 877,        5, 009
 878,        2, 009
 879,        5, 009
 880,        6, 009
 881,       10, 009
 882,        2, 009
 883,        5, 009
 884,        5, 009
 885,        6, 009
 886,        8, 009
 887,        5, 009
 888,        9, 009
 889,        3, 009
 890,        7, 009
 891,        9, 009
 892,       13, 009
 893,        6, 009
 894,        5, 009
 895,       11, 009
 896,       13, 009
 897,        9, 009
 898,       12, 009
 899,       13, 009
 900,       11, 009
 901,       15, 009
 902,       13, 009
 903,       25, 009
 904,       16, 009
 905,       17, 009
 906,       15, 009
 907,       14, 009
 908,       15, 009
 909,       18, 009
 910,       24, 009
 911,       14, 009
 912,       16, 009
 913,        9, 009
 914,       16, 009
 915,       20, 009
 916,       17, 009
 917,       14, 009
 918,       13, 009
 919,       17, 009
 920,       11, 009
 921,       18, 009
 922,       17, 009
 923,       14, 009
 924,       16, 009
 925,        9, 009
 926,        6, 009
 927,       14, 009
 928,       16, 009
 929,        8, 009
 930,        8, 009
 931,       19, 009
 932,       13, 009
 933,        6, 009
 934,        7, 009
 935,        6, 009
 936,        7, 009
 937,        5, 009
 938,        5, 009
 939,        5, 009
 940,        4, 009
 941,       10, 009
 942,        4, 009
 943,        8, 009
 944,        7, 009
 945,        7, 009
 946,        7, 009
 947,        6, 009
 948,        4, 009
 949,        6, 000
 950,        1, 000
 951,        2, 000
 952,        3, 000
 953,        3, 000
 954,        5, 000
 955,        5, 000
 956,        2, 000
 957,        2, 000
 958,        0, 000
 959,        3, 000
 960,        0, 000
 961,        3, 000
 962,        2, 000
 963,        1, 000
 964,        5, 000
 965,        4, 000
 966,        3, 000
 967,        2, 000
 968,        3, 000
 969,        3, 000
 970,        3, 000
 971,        0, 000
 972,        1, 000
 973,        1, 000
 974,        0, 000
 975,        3, 000
 976,        0, 000
 977,        0, 000
 978,        2, 000
 979,        1, 000
 980,        2, 000
 981,        0, 000
 982,        0, 000
 983,        1, 000
 984,        1, 000
 985,        1, 000
 986,        1, 000
 987,        1, 000
 988,        0, 000
 989,        1, 000
 990,        0, 000
 991,        0, 000
 992,        0, 000
 993,        0, 000
 994,        0, 000
 995,        0, 000
 996,        0, 000
 997,        1, 000
 998,        0, 000
 999,        0, 000
1000,        1, 000
1001,        0, 000
1002,        2, 000
1003,        1, 000
1004,        0, 000
1005,        0, 000
1006,        0, 000
1007,        0, 000
1008,        1, 000
1009,        0, 000
1010,        0, 000
1011,        0, 000
1012,        0, 000
1013,        0, 000
1014,        0, 000
1015,        0, 000
1016,        0, 000
1017,        1, 000
1018,        1, 000
1019,        0, 000
1020,        0, 000
1021,        0, 000
1022,        0, 000
1023,        0, 000

 ROI:01  Beg: 0023 Chn                           End: 0044 Chn                 
         Ctrd:      34.63 Chn                 
         Fwhm:       4.03 Chn                 
         Gross Integral:      26082 cts        Net Integral:      22540 cts

 ROI:02  Beg: 0054 Chn                           End: 0079 Chn                 
         Ctrd:      68.27 Chn                 
         Fwhm:       8.51 Chn                 
         Gross Integral:       7391 cts        Net Integral:       1736 cts

 ROI:03  Beg: 0082 Chn                           End: 0098 Chn                 
         Ctrd:      90.30 Chn                 
         Fwhm:       6.35 Chn                 
         Gross Integral:      12404 cts        Net Integral:       8398 cts

 ROI:04  Beg: 0155 Chn                           End: 0182 Chn                 
         Ctrd:     168.43 Chn                 
         Fwhm:      13.00 Chn                 
         Gross Integral:       4167 cts        Net Integral:       1628 cts

 ROI:05  Beg: 0213 Chn                           End: 0254 Chn                 
         Ctrd:     233.11 Chn                 
         Fwhm:      17.48 Chn                 
         Gross Integral:       6429 cts        Net Integral:       4490 cts

 ROI:06  Beg: 0480 Chn                           End: 0532 Chn                 
         Ctrd:     509.49 Chn                 
         Fwhm:       8.06 Chn                 
         Gross Integral:       1742 cts        Net Integral:        629 cts

 ROI:07  Beg: 0597 Chn                           End: 0650 Chn                 
         Ctrd:     625.37 Chn                 
         Fwhm:      27.84 Chn                 
         Gross Integral:       1147 cts        Net Integral:        472 cts

 ROI:08  Beg: 0685 Chn                           End: 0735 Chn                 
         Ctrd:     711.47 Chn                 
         Fwhm:      18.92 Chn                 
         Gross Integral:       1322 cts        Net Integral:        523 cts

 ROI:09  Beg: 0874 Chn                           End: 0948 Chn                 
         Ctrd:     910.53 Chn                 
         Fwhm:      15.68 Chn                 
         Gross Integral:        760 cts        Net Integral:        485 cts
