ESTAR: Stopping Powers and Range Tables for Electrons

POLYETHYLENE                                                           

Kinetic   Collision Radiative Total     D. Effect 
Energy    Stp. Pow. Stp. Pow. Stp. Pow. Parameter 
MeV       MeV cm2/g MeV cm2/g MeV cm2/g           

1.000E-02 2.441E+01 2.837E-03 2.442E+01 0.000E+00 
1.100E-02 2.265E+01 2.842E-03 2.265E+01 0.000E+00 
1.200E-02 2.115E+01 2.846E-03 2.116E+01 0.000E+00 
1.300E-02 1.986E+01 2.849E-03 1.987E+01 0.000E+00 
1.400E-02 1.874E+01 2.852E-03 1.874E+01 0.000E+00 
1.500E-02 1.775E+01 2.854E-03 1.775E+01 0.000E+00 
1.600E-02 1.687E+01 2.857E-03 1.688E+01 0.000E+00 
1.700E-02 1.609E+01 2.859E-03 1.609E+01 0.000E+00 
1.800E-02 1.539E+01 2.861E-03 1.539E+01 0.000E+00 
1.900E-02 1.475E+01 2.862E-03 1.475E+01 0.000E+00 
2.000E-02 1.417E+01 2.864E-03 1.417E+01 0.000E+00 
2.100E-02 1.364E+01 2.866E-03 1.364E+01 0.000E+00 
2.200E-02 1.316E+01 2.868E-03 1.316E+01 0.000E+00 
2.300E-02 1.271E+01 2.870E-03 1.271E+01 0.000E+00 
2.400E-02 1.230E+01 2.871E-03 1.230E+01 0.000E+00 
2.500E-02 1.191E+01 2.873E-03 1.192E+01 0.000E+00 
2.600E-02 1.156E+01 2.875E-03 1.156E+01 0.000E+00 
2.700E-02 1.123E+01 2.877E-03 1.123E+01 0.000E+00 
2.800E-02 1.092E+01 2.879E-03 1.092E+01 0.000E+00 
2.900E-02 1.063E+01 2.881E-03 1.063E+01 0.000E+00 
3.000E-02 1.035E+01 2.883E-03 1.036E+01 0.000E+00 
3.100E-02 1.010E+01 2.886E-03 1.010E+01 0.000E+00 
3.200E-02 9.854E+00 2.888E-03 9.857E+00 0.000E+00 
3.300E-02 9.626E+00 2.890E-03 9.629E+00 0.000E+00 
3.400E-02 9.410E+00 2.892E-03 9.413E+00 0.000E+00 
3.500E-02 9.206E+00 2.894E-03 9.209E+00 0.000E+00 
3.600E-02 9.012E+00 2.896E-03 9.014E+00 0.000E+00 
3.700E-02 8.827E+00 2.898E-03 8.830E+00 0.000E+00 
3.800E-02 8.652E+00 2.901E-03 8.655E+00 0.000E+00 
3.900E-02 8.485E+00 2.903E-03 8.488E+00 0.000E+00 
4.000E-02 8.325E+00 2.905E-03 8.328E+00 0.000E+00 
4.100E-02 8.173E+00 2.908E-03 8.176E+00 0.000E+00 
4.200E-02 8.028E+00 2.910E-03 8.031E+00 0.000E+00 
4.300E-02 7.888E+00 2.913E-03 7.891E+00 0.000E+00 
4.400E-02 7.755E+00 2.916E-03 7.758E+00 0.000E+00 
4.500E-02 7.627E+00 2.918E-03 7.630E+00 0.000E+00 
4.600E-02 7.505E+00 2.921E-03 7.507E+00 0.000E+00 
4.700E-02 7.387E+00 2.923E-03 7.390E+00 0.000E+00 
4.800E-02 7.273E+00 2.926E-03 7.276E+00 0.000E+00 
4.900E-02 7.164E+00 2.929E-03 7.167E+00 0.000E+00 
5.000E-02 7.060E+00 2.931E-03 7.062E+00 0.000E+00 
5.100E-02 6.958E+00 2.934E-03 6.961E+00 0.000E+00 
5.200E-02 6.861E+00 2.937E-03 6.864E+00 0.000E+00 
5.300E-02 6.767E+00 2.940E-03 6.770E+00 0.000E+00 
5.400E-02 6.676E+00 2.943E-03 6.679E+00 0.000E+00 
5.500E-02 6.589E+00 2.945E-03 6.591E+00 0.000E+00 
5.600E-02 6.504E+00 2.948E-03 6.507E+00 0.000E+00 
5.700E-02 6.422E+00 2.951E-03 6.425E+00 0.000E+00 
5.800E-02 6.342E+00 2.954E-03 6.345E+00 0.000E+00 
5.900E-02 6.266E+00 2.957E-03 6.269E+00 0.000E+00 
6.000E-02 6.191E+00 2.960E-03 6.194E+00 0.000E+00 
6.100E-02 6.119E+00 2.963E-03 6.122E+00 0.000E+00 
6.200E-02 6.049E+00 2.966E-03 6.052E+00 0.000E+00 
6.300E-02 5.981E+00 2.969E-03 5.984E+00 0.000E+00 
6.400E-02 5.915E+00 2.973E-03 5.918E+00 0.000E+00 
6.500E-02 5.851E+00 2.976E-03 5.854E+00 0.000E+00 
6.600E-02 5.789E+00 2.979E-03 5.792E+00 0.000E+00 
6.700E-02 5.729E+00 2.982E-03 5.732E+00 0.000E+00 
6.800E-02 5.670E+00 2.985E-03 5.673E+00 0.000E+00 
6.900E-02 5.613E+00 2.988E-03 5.616E+00 0.000E+00 
7.000E-02 5.557E+00 2.992E-03 5.560E+00 0.000E+00 
7.100E-02 5.503E+00 2.995E-03 5.506E+00 0.000E+00 
7.200E-02 5.450E+00 2.998E-03 5.453E+00 0.000E+00 
7.300E-02 5.399E+00 3.001E-03 5.402E+00 0.000E+00 
7.400E-02 5.349E+00 3.005E-03 5.352E+00 0.000E+00 
7.500E-02 5.300E+00 3.008E-03 5.303E+00 0.000E+00 
7.600E-02 5.253E+00 3.011E-03 5.256E+00 0.000E+00 
7.700E-02 5.206E+00 3.015E-03 5.209E+00 0.000E+00 
7.800E-02 5.161E+00 3.018E-03 5.164E+00 0.000E+00 
7.900E-02 5.117E+00 3.022E-03 5.120E+00 0.000E+00 
8.000E-02 5.074E+00 3.025E-03 5.077E+00 0.000E+00 
8.100E-02 5.031E+00 3.028E-03 5.034E+00 0.000E+00 
8.200E-02 4.990E+00 3.032E-03 4.993E+00 0.000E+00 
8.300E-02 4.950E+00 3.036E-03 4.953E+00 0.000E+00 
8.400E-02 4.911E+00 3.039E-03 4.914E+00 0.000E+00 
8.500E-02 4.872E+00 3.043E-03 4.875E+00 0.000E+00 
8.600E-02 4.835E+00 3.046E-03 4.838E+00 0.000E+00 
8.700E-02 4.798E+00 3.050E-03 4.801E+00 0.000E+00 
8.800E-02 4.762E+00 3.054E-03 4.765E+00 0.000E+00 
8.900E-02 4.727E+00 3.057E-03 4.730E+00 0.000E+00 
9.000E-02 4.692E+00 3.061E-03 4.695E+00 0.000E+00 
9.100E-02 4.659E+00 3.065E-03 4.662E+00 0.000E+00 
9.200E-02 4.626E+00 3.068E-03 4.629E+00 0.000E+00 
9.300E-02 4.593E+00 3.072E-03 4.596E+00 0.000E+00 
9.400E-02 4.562E+00 3.076E-03 4.565E+00 0.000E+00 
9.500E-02 4.531E+00 3.080E-03 4.534E+00 0.000E+00 
9.600E-02 4.500E+00 3.083E-03 4.503E+00 0.000E+00 
9.700E-02 4.470E+00 3.087E-03 4.473E+00 0.000E+00 
9.800E-02 4.441E+00 3.091E-03 4.444E+00 0.000E+00 
9.900E-02 4.412E+00 3.095E-03 4.415E+00 0.000E+00 
1.000E-01 4.384E+00 3.099E-03 4.387E+00 0.000E+00 
1.010E-01 4.357E+00 3.102E-03 4.360E+00 0.000E+00 
1.020E-01 4.329E+00 3.106E-03 4.333E+00 0.000E+00 
1.030E-01 4.303E+00 3.110E-03 4.306E+00 0.000E+00 
1.040E-01 4.277E+00 3.114E-03 4.280E+00 0.000E+00 
1.050E-01 4.251E+00 3.118E-03 4.254E+00 0.000E+00 
1.060E-01 4.226E+00 3.122E-03 4.229E+00 0.000E+00 
1.070E-01 4.201E+00 3.126E-03 4.204E+00 0.000E+00 
1.080E-01 4.177E+00 3.130E-03 4.180E+00 0.000E+00 
1.090E-01 4.153E+00 3.134E-03 4.156E+00 0.000E+00 
1.100E-01 4.130E+00 3.138E-03 4.133E+00 0.000E+00 
1.110E-01 4.107E+00 3.142E-03 4.110E+00 0.000E+00 
1.120E-01 4.084E+00 3.147E-03 4.087E+00 0.000E+00 
1.130E-01 4.062E+00 3.151E-03 4.065E+00 0.000E+00 
1.140E-01 4.040E+00 3.155E-03 4.043E+00 0.000E+00 
1.150E-01 4.019E+00 3.159E-03 4.022E+00 0.000E+00 
1.160E-01 3.998E+00 3.163E-03 4.001E+00 0.000E+00 
1.170E-01 3.977E+00 3.167E-03 3.980E+00 0.000E+00 
1.180E-01 3.956E+00 3.172E-03 3.959E+00 0.000E+00 
1.190E-01 3.936E+00 3.176E-03 3.939E+00 0.000E+00 
1.200E-01 3.916E+00 3.180E-03 3.920E+00 0.000E+00 
1.210E-01 3.897E+00 3.184E-03 3.900E+00 0.000E+00 
1.220E-01 3.878E+00 3.188E-03 3.881E+00 0.000E+00 
1.230E-01 3.859E+00 3.193E-03 3.862E+00 0.000E+00 
1.240E-01 3.840E+00 3.197E-03 3.844E+00 0.000E+00 
1.250E-01 3.822E+00 3.201E-03 3.825E+00 0.000E+00 
1.260E-01 3.804E+00 3.206E-03 3.807E+00 0.000E+00 
1.270E-01 3.786E+00 3.210E-03 3.790E+00 0.000E+00 
1.280E-01 3.769E+00 3.214E-03 3.772E+00 0.000E+00 
1.290E-01 3.752E+00 3.218E-03 3.755E+00 0.000E+00 
1.300E-01 3.735E+00 3.223E-03 3.738E+00 0.000E+00 
1.310E-01 3.718E+00 3.227E-03 3.721E+00 0.000E+00 
1.320E-01 3.702E+00 3.231E-03 3.705E+00 0.000E+00 
1.330E-01 3.686E+00 3.236E-03 3.689E+00 0.000E+00 
1.340E-01 3.670E+00 3.240E-03 3.673E+00 0.000E+00 
1.350E-01 3.654E+00 3.245E-03 3.657E+00 0.000E+00 
1.360E-01 3.639E+00 3.249E-03 3.642E+00 0.000E+00 
1.370E-01 3.623E+00 3.253E-03 3.627E+00 0.000E+00 
1.380E-01 3.608E+00 3.258E-03 3.611E+00 0.000E+00 
1.390E-01 3.593E+00 3.262E-03 3.597E+00 0.000E+00 
1.400E-01 3.579E+00 3.267E-03 3.582E+00 0.000E+00 
1.410E-01 3.564E+00 3.271E-03 3.568E+00 0.000E+00 
1.420E-01 3.550E+00 3.276E-03 3.553E+00 0.000E+00 
1.430E-01 3.536E+00 3.280E-03 3.539E+00 0.000E+00 
1.440E-01 3.522E+00 3.285E-03 3.526E+00 0.000E+00 
1.450E-01 3.509E+00 3.289E-03 3.512E+00 0.000E+00 
1.460E-01 3.495E+00 3.294E-03 3.498E+00 0.000E+00 
1.470E-01 3.482E+00 3.298E-03 3.485E+00 0.000E+00 
1.480E-01 3.469E+00 3.303E-03 3.472E+00 0.000E+00 
1.490E-01 3.456E+00 3.307E-03 3.459E+00 0.000E+00 
1.500E-01 3.443E+00 3.312E-03 3.446E+00 0.000E+00 
1.510E-01 3.430E+00 3.316E-03 3.434E+00 0.000E+00 
1.520E-01 3.418E+00 3.321E-03 3.421E+00 0.000E+00 
1.530E-01 3.406E+00 3.325E-03 3.409E+00 0.000E+00 
1.540E-01 3.394E+00 3.330E-03 3.397E+00 0.000E+00 
1.550E-01 3.382E+00 3.335E-03 3.385E+00 0.000E+00 
1.560E-01 3.370E+00 3.339E-03 3.373E+00 0.000E+00 
1.570E-01 3.358E+00 3.344E-03 3.361E+00 0.000E+00 
1.580E-01 3.347E+00 3.349E-03 3.350E+00 0.000E+00 
1.590E-01 3.335E+00 3.353E-03 3.339E+00 0.000E+00 
1.600E-01 3.324E+00 3.358E-03 3.327E+00 0.000E+00 
1.610E-01 3.313E+00 3.363E-03 3.316E+00 0.000E+00 
1.620E-01 3.302E+00 3.367E-03 3.305E+00 0.000E+00 
1.630E-01 3.291E+00 3.372E-03 3.294E+00 0.000E+00 
1.640E-01 3.280E+00 3.377E-03 3.284E+00 0.000E+00 
1.650E-01 3.270E+00 3.381E-03 3.273E+00 0.000E+00 
1.660E-01 3.259E+00 3.386E-03 3.263E+00 0.000E+00 
1.670E-01 3.249E+00 3.391E-03 3.252E+00 0.000E+00 
1.680E-01 3.239E+00 3.396E-03 3.242E+00 0.000E+00 
1.690E-01 3.229E+00 3.400E-03 3.232E+00 0.000E+00 
1.700E-01 3.219E+00 3.405E-03 3.222E+00 0.000E+00 
1.710E-01 3.209E+00 3.410E-03 3.212E+00 0.000E+00 
1.720E-01 3.199E+00 3.415E-03 3.203E+00 0.000E+00 
1.730E-01 3.190E+00 3.420E-03 3.193E+00 0.000E+00 
1.740E-01 3.180E+00 3.424E-03 3.184E+00 0.000E+00 
1.750E-01 3.171E+00 3.429E-03 3.174E+00 0.000E+00 
1.760E-01 3.161E+00 3.434E-03 3.165E+00 0.000E+00 
1.770E-01 3.152E+00 3.439E-03 3.156E+00 0.000E+00 
1.780E-01 3.143E+00 3.444E-03 3.147E+00 0.000E+00 
1.790E-01 3.134E+00 3.449E-03 3.138E+00 0.000E+00 
1.800E-01 3.125E+00 3.454E-03 3.129E+00 0.000E+00 
1.810E-01 3.117E+00 3.458E-03 3.120E+00 0.000E+00 
1.820E-01 3.108E+00 3.463E-03 3.111E+00 0.000E+00 
1.830E-01 3.099E+00 3.468E-03 3.103E+00 0.000E+00 
1.840E-01 3.091E+00 3.473E-03 3.094E+00 0.000E+00 
1.850E-01 3.082E+00 3.478E-03 3.086E+00 0.000E+00 
1.860E-01 3.074E+00 3.483E-03 3.078E+00 0.000E+00 
1.870E-01 3.066E+00 3.488E-03 3.069E+00 0.000E+00 
1.880E-01 3.058E+00 3.493E-03 3.061E+00 0.000E+00 
1.890E-01 3.050E+00 3.498E-03 3.053E+00 0.000E+00 
1.900E-01 3.042E+00 3.503E-03 3.045E+00 0.000E+00 
1.910E-01 3.034E+00 3.508E-03 3.037E+00 0.000E+00 
1.920E-01 3.026E+00 3.513E-03 3.030E+00 0.000E+00 
1.930E-01 3.018E+00 3.518E-03 3.022E+00 0.000E+00 
1.940E-01 3.011E+00 3.523E-03 3.014E+00 0.000E+00 
1.950E-01 3.003E+00 3.528E-03 3.007E+00 0.000E+00 
1.960E-01 2.996E+00 3.533E-03 2.999E+00 0.000E+00 
1.970E-01 2.988E+00 3.538E-03 2.992E+00 0.000E+00 
1.980E-01 2.981E+00 3.543E-03 2.985E+00 0.000E+00 
1.990E-01 2.974E+00 3.548E-03 2.977E+00 0.000E+00 
2.000E-01 2.967E+00 3.553E-03 2.970E+00 0.000E+00 
2.010E-01 2.960E+00 3.558E-03 2.963E+00 0.000E+00 
2.020E-01 2.952E+00 3.564E-03 2.956E+00 0.000E+00 
2.030E-01 2.946E+00 3.569E-03 2.949E+00 0.000E+00 
2.040E-01 2.939E+00 3.574E-03 2.942E+00 0.000E+00 
2.050E-01 2.932E+00 3.579E-03 2.935E+00 0.000E+00 
2.060E-01 2.925E+00 3.584E-03 2.929E+00 0.000E+00 
2.070E-01 2.918E+00 3.589E-03 2.922E+00 0.000E+00 
2.080E-01 2.912E+00 3.594E-03 2.915E+00 0.000E+00 
2.090E-01 2.905E+00 3.599E-03 2.909E+00 0.000E+00 
2.100E-01 2.899E+00 3.605E-03 2.902E+00 0.000E+00 
2.110E-01 2.892E+00 3.610E-03 2.896E+00 0.000E+00 
2.120E-01 2.886E+00 3.615E-03 2.890E+00 0.000E+00 
2.130E-01 2.880E+00 3.620E-03 2.883E+00 0.000E+00 
2.140E-01 2.873E+00 3.625E-03 2.877E+00 0.000E+00 
2.150E-01 2.867E+00 3.631E-03 2.871E+00 0.000E+00 
2.160E-01 2.861E+00 3.636E-03 2.865E+00 0.000E+00 
2.170E-01 2.855E+00 3.641E-03 2.859E+00 0.000E+00 
2.180E-01 2.849E+00 3.646E-03 2.853E+00 0.000E+00 
2.190E-01 2.843E+00 3.652E-03 2.847E+00 0.000E+00 
2.200E-01 2.837E+00 3.657E-03 2.841E+00 0.000E+00 
2.210E-01 2.831E+00 3.662E-03 2.835E+00 0.000E+00 
2.220E-01 2.825E+00 3.667E-03 2.829E+00 0.000E+00 
2.230E-01 2.820E+00 3.673E-03 2.823E+00 0.000E+00 
2.240E-01 2.814E+00 3.678E-03 2.818E+00 0.000E+00 
2.250E-01 2.808E+00 3.683E-03 2.812E+00 0.000E+00 
2.260E-01 2.803E+00 3.689E-03 2.807E+00 0.000E+00 
2.270E-01 2.797E+00 3.694E-03 2.801E+00 0.000E+00 
2.280E-01 2.792E+00 3.699E-03 2.796E+00 0.000E+00 
2.290E-01 2.786E+00 3.705E-03 2.790E+00 0.000E+00 
2.300E-01 2.781E+00 3.710E-03 2.785E+00 0.000E+00 
2.310E-01 2.776E+00 3.715E-03 2.779E+00 0.000E+00 
2.320E-01 2.770E+00 3.721E-03 2.774E+00 0.000E+00 
2.330E-01 2.765E+00 3.726E-03 2.769E+00 0.000E+00 
2.340E-01 2.760E+00 3.732E-03 2.764E+00 0.000E+00 
2.350E-01 2.755E+00 3.737E-03 2.759E+00 0.000E+00 
2.360E-01 2.750E+00 3.742E-03 2.753E+00 0.000E+00 
2.370E-01 2.745E+00 3.748E-03 2.748E+00 0.000E+00 
2.380E-01 2.740E+00 3.753E-03 2.743E+00 0.000E+00 
2.390E-01 2.735E+00 3.759E-03 2.738E+00 0.000E+00 
2.400E-01 2.730E+00 3.764E-03 2.734E+00 0.000E+00 
2.410E-01 2.725E+00 3.770E-03 2.729E+00 0.000E+00 
2.420E-01 2.720E+00 3.775E-03 2.724E+00 0.000E+00 
2.430E-01 2.715E+00 3.781E-03 2.719E+00 0.000E+00 
2.440E-01 2.711E+00 3.786E-03 2.714E+00 0.000E+00 
2.450E-01 2.706E+00 3.792E-03 2.710E+00 0.000E+00 
2.460E-01 2.701E+00 3.797E-03 2.705E+00 0.000E+00 
2.470E-01 2.696E+00 3.803E-03 2.700E+00 0.000E+00 
2.480E-01 2.692E+00 3.808E-03 2.696E+00 0.000E+00 
2.490E-01 2.687E+00 3.814E-03 2.691E+00 0.000E+00 
2.500E-01 2.683E+00 3.820E-03 2.687E+00 0.000E+00 
2.510E-01 2.678E+00 3.825E-03 2.682E+00 0.000E+00 
2.520E-01 2.674E+00 3.831E-03 2.678E+00 0.000E+00 
2.530E-01 2.669E+00 3.836E-03 2.673E+00 0.000E+00 
2.540E-01 2.665E+00 3.842E-03 2.669E+00 0.000E+00 
2.550E-01 2.661E+00 3.848E-03 2.665E+00 0.000E+00 
2.560E-01 2.656E+00 3.853E-03 2.660E+00 0.000E+00 
2.570E-01 2.652E+00 3.859E-03 2.656E+00 0.000E+00 
2.580E-01 2.648E+00 3.864E-03 2.652E+00 0.000E+00 
2.590E-01 2.644E+00 3.870E-03 2.648E+00 0.000E+00 
2.600E-01 2.640E+00 3.876E-03 2.643E+00 0.000E+00 
2.610E-01 2.635E+00 3.881E-03 2.639E+00 0.000E+00 
2.620E-01 2.631E+00 3.887E-03 2.635E+00 0.000E+00 
2.630E-01 2.627E+00 3.893E-03 2.631E+00 0.000E+00 
2.640E-01 2.623E+00 3.899E-03 2.627E+00 0.000E+00 
2.650E-01 2.619E+00 3.904E-03 2.623E+00 0.000E+00 
2.660E-01 2.615E+00 3.910E-03 2.619E+00 0.000E+00 
2.670E-01 2.611E+00 3.916E-03 2.615E+00 0.000E+00 
2.680E-01 2.607E+00 3.921E-03 2.611E+00 0.000E+00 
2.690E-01 2.604E+00 3.927E-03 2.608E+00 0.000E+00 
2.700E-01 2.600E+00 3.933E-03 2.604E+00 0.000E+00 
2.710E-01 2.596E+00 3.939E-03 2.600E+00 0.000E+00 
2.720E-01 2.592E+00 3.945E-03 2.596E+00 0.000E+00 
2.730E-01 2.588E+00 3.950E-03 2.592E+00 0.000E+00 
2.740E-01 2.585E+00 3.956E-03 2.589E+00 0.000E+00 
2.750E-01 2.581E+00 3.962E-03 2.585E+00 0.000E+00 
2.760E-01 2.577E+00 3.968E-03 2.581E+00 0.000E+00 
2.770E-01 2.574E+00 3.974E-03 2.578E+00 0.000E+00 
2.780E-01 2.570E+00 3.979E-03 2.574E+00 0.000E+00 
2.790E-01 2.567E+00 3.985E-03 2.571E+00 0.000E+00 
2.800E-01 2.563E+00 3.991E-03 2.567E+00 0.000E+00 
2.810E-01 2.559E+00 3.997E-03 2.563E+00 0.000E+00 
2.820E-01 2.556E+00 4.003E-03 2.560E+00 0.000E+00 
2.830E-01 2.552E+00 4.009E-03 2.556E+00 0.000E+00 
2.840E-01 2.549E+00 4.015E-03 2.553E+00 0.000E+00 
2.850E-01 2.546E+00 4.020E-03 2.550E+00 0.000E+00 
2.860E-01 2.542E+00 4.026E-03 2.546E+00 0.000E+00 
2.870E-01 2.539E+00 4.032E-03 2.543E+00 0.000E+00 
2.880E-01 2.535E+00 4.038E-03 2.540E+00 0.000E+00 
2.890E-01 2.532E+00 4.044E-03 2.536E+00 0.000E+00 
2.900E-01 2.529E+00 4.050E-03 2.533E+00 0.000E+00 
2.910E-01 2.526E+00 4.056E-03 2.530E+00 0.000E+00 
2.920E-01 2.522E+00 4.062E-03 2.526E+00 0.000E+00 
2.930E-01 2.519E+00 4.068E-03 2.523E+00 0.000E+00 
2.940E-01 2.516E+00 4.074E-03 2.520E+00 0.000E+00 
2.950E-01 2.513E+00 4.080E-03 2.517E+00 0.000E+00 
2.960E-01 2.510E+00 4.086E-03 2.514E+00 0.000E+00 
2.970E-01 2.506E+00 4.092E-03 2.511E+00 0.000E+00 
2.980E-01 2.503E+00 4.098E-03 2.507E+00 0.000E+00 
2.990E-01 2.500E+00 4.104E-03 2.504E+00 0.000E+00 
3.000E-01 2.497E+00 4.110E-03 2.501E+00 0.000E+00 
3.010E-01 2.494E+00 4.116E-03 2.498E+00 0.000E+00 
3.020E-01 2.491E+00 4.122E-03 2.495E+00 0.000E+00 
3.030E-01 2.488E+00 4.128E-03 2.492E+00 0.000E+00 
3.040E-01 2.485E+00 4.134E-03 2.489E+00 0.000E+00 
3.050E-01 2.482E+00 4.140E-03 2.486E+00 0.000E+00 
3.060E-01 2.479E+00 4.146E-03 2.483E+00 0.000E+00 
3.070E-01 2.476E+00 4.152E-03 2.481E+00 0.000E+00 
3.080E-01 2.474E+00 4.158E-03 2.478E+00 0.000E+00 
3.090E-01 2.471E+00 4.164E-03 2.475E+00 0.000E+00 
3.100E-01 2.468E+00 4.170E-03 2.472E+00 0.000E+00 
3.110E-01 2.465E+00 4.176E-03 2.469E+00 0.000E+00 
3.120E-01 2.462E+00 4.182E-03 2.466E+00 0.000E+00 
3.130E-01 2.459E+00 4.188E-03 2.464E+00 0.000E+00 
3.140E-01 2.457E+00 4.195E-03 2.461E+00 0.000E+00 
3.150E-01 2.454E+00 4.201E-03 2.458E+00 0.000E+00 
3.160E-01 2.451E+00 4.207E-03 2.455E+00 0.000E+00 
3.170E-01 2.448E+00 4.213E-03 2.453E+00 0.000E+00 
3.180E-01 2.446E+00 4.219E-03 2.450E+00 0.000E+00 
3.190E-01 2.443E+00 4.225E-03 2.447E+00 0.000E+00 
3.200E-01 2.440E+00 4.231E-03 2.445E+00 0.000E+00 
3.210E-01 2.438E+00 4.238E-03 2.442E+00 0.000E+00 
3.220E-01 2.435E+00 4.244E-03 2.439E+00 0.000E+00 
3.230E-01 2.432E+00 4.250E-03 2.437E+00 0.000E+00 
3.240E-01 2.430E+00 4.256E-03 2.434E+00 0.000E+00 
3.250E-01 2.427E+00 4.262E-03 2.432E+00 0.000E+00 
3.260E-01 2.425E+00 4.269E-03 2.429E+00 0.000E+00 
3.270E-01 2.422E+00 4.275E-03 2.427E+00 0.000E+00 
3.280E-01 2.420E+00 4.281E-03 2.424E+00 0.000E+00 
3.290E-01 2.417E+00 4.287E-03 2.422E+00 0.000E+00 
3.300E-01 2.415E+00 4.293E-03 2.419E+00 0.000E+00 
3.310E-01 2.412E+00 4.300E-03 2.417E+00 0.000E+00 
3.320E-01 2.410E+00 4.306E-03 2.414E+00 0.000E+00 
3.330E-01 2.407E+00 4.312E-03 2.412E+00 0.000E+00 
3.340E-01 2.405E+00 4.318E-03 2.409E+00 0.000E+00 
3.350E-01 2.403E+00 4.325E-03 2.407E+00 0.000E+00 
3.360E-01 2.400E+00 4.331E-03 2.405E+00 0.000E+00 
3.370E-01 2.398E+00 4.337E-03 2.402E+00 0.000E+00 
3.380E-01 2.395E+00 4.344E-03 2.400E+00 0.000E+00 
3.390E-01 2.393E+00 4.350E-03 2.397E+00 0.000E+00 
3.400E-01 2.391E+00 4.356E-03 2.395E+00 0.000E+00 
3.410E-01 2.389E+00 4.363E-03 2.393E+00 0.000E+00 
3.420E-01 2.386E+00 4.369E-03 2.391E+00 0.000E+00 
3.430E-01 2.384E+00 4.375E-03 2.388E+00 0.000E+00 
3.440E-01 2.382E+00 4.382E-03 2.386E+00 0.000E+00 
3.450E-01 2.379E+00 4.388E-03 2.384E+00 0.000E+00 
3.460E-01 2.377E+00 4.394E-03 2.382E+00 0.000E+00 
3.470E-01 2.375E+00 4.401E-03 2.379E+00 0.000E+00 
3.480E-01 2.373E+00 4.407E-03 2.377E+00 0.000E+00 
3.490E-01 2.371E+00 4.413E-03 2.375E+00 0.000E+00 
3.500E-01 2.368E+00 4.420E-03 2.373E+00 0.000E+00 
3.510E-01 2.366E+00 4.426E-03 2.371E+00 0.000E+00 
3.520E-01 2.364E+00 4.433E-03 2.369E+00 0.000E+00 
3.530E-01 2.362E+00 4.439E-03 2.366E+00 0.000E+00 
3.540E-01 2.360E+00 4.446E-03 2.364E+00 0.000E+00 
3.550E-01 2.358E+00 4.452E-03 2.362E+00 0.000E+00 
3.560E-01 2.356E+00 4.458E-03 2.360E+00 0.000E+00 
3.570E-01 2.354E+00 4.465E-03 2.358E+00 4.839E-04 
3.580E-01 2.351E+00 4.471E-03 2.356E+00 1.052E-03 
3.590E-01 2.349E+00 4.478E-03 2.354E+00 1.622E-03 
3.600E-01 2.347E+00 4.484E-03 2.352E+00 2.193E-03 
3.610E-01 2.345E+00 4.491E-03 2.349E+00 2.766E-03 
3.620E-01 2.343E+00 4.497E-03 2.347E+00 3.341E-03 
3.630E-01 2.341E+00 4.504E-03 2.345E+00 3.917E-03 
3.640E-01 2.339E+00 4.510E-03 2.343E+00 4.495E-03 
3.650E-01 2.337E+00 4.517E-03 2.341E+00 5.074E-03 
3.660E-01 2.335E+00 4.523E-03 2.339E+00 5.655E-03 
3.670E-01 2.333E+00 4.530E-03 2.337E+00 6.238E-03 
3.680E-01 2.331E+00 4.536E-03 2.335E+00 6.822E-03 
3.690E-01 2.329E+00 4.543E-03 2.333E+00 7.407E-03 
3.700E-01 2.327E+00 4.550E-03 2.331E+00 7.994E-03 
3.710E-01 2.325E+00 4.556E-03 2.329E+00 8.582E-03 
3.720E-01 2.323E+00 4.563E-03 2.327E+00 9.172E-03 
3.730E-01 2.321E+00 4.569E-03 2.325E+00 9.764E-03 
3.740E-01 2.319E+00 4.576E-03 2.323E+00 1.036E-02 
3.750E-01 2.317E+00 4.583E-03 2.321E+00 1.095E-02 
3.760E-01 2.315E+00 4.589E-03 2.319E+00 1.155E-02 
3.770E-01 2.313E+00 4.596E-03 2.318E+00 1.214E-02 
3.780E-01 2.311E+00 4.602E-03 2.316E+00 1.274E-02 
3.790E-01 2.309E+00 4.609E-03 2.314E+00 1.334E-02 
3.800E-01 2.307E+00 4.616E-03 2.312E+00 1.394E-02 
3.810E-01 2.305E+00 4.622E-03 2.310E+00 1.455E-02 
3.820E-01 2.304E+00 4.629E-03 2.308E+00 1.515E-02 
3.830E-01 2.302E+00 4.636E-03 2.306E+00 1.576E-02 
3.840E-01 2.300E+00 4.642E-03 2.305E+00 1.637E-02 
3.850E-01 2.298E+00 4.649E-03 2.303E+00 1.697E-02 
3.860E-01 2.296E+00 4.656E-03 2.301E+00 1.758E-02 
3.870E-01 2.294E+00 4.662E-03 2.299E+00 1.819E-02 
3.880E-01 2.293E+00 4.669E-03 2.297E+00 1.881E-02 
3.890E-01 2.291E+00 4.676E-03 2.296E+00 1.942E-02 
3.900E-01 2.289E+00 4.682E-03 2.294E+00 2.004E-02 
3.910E-01 2.287E+00 4.689E-03 2.292E+00 2.065E-02 
3.920E-01 2.286E+00 4.696E-03 2.290E+00 2.127E-02 
3.930E-01 2.284E+00 4.703E-03 2.289E+00 2.189E-02 
3.940E-01 2.282E+00 4.709E-03 2.287E+00 2.251E-02 
3.950E-01 2.280E+00 4.716E-03 2.285E+00 2.313E-02 
3.960E-01 2.279E+00 4.723E-03 2.283E+00 2.375E-02 
3.970E-01 2.277E+00 4.730E-03 2.282E+00 2.438E-02 
3.980E-01 2.275E+00 4.736E-03 2.280E+00 2.500E-02 
3.990E-01 2.274E+00 4.743E-03 2.278E+00 2.563E-02 
4.000E-01 2.272E+00 4.750E-03 2.277E+00 2.626E-02 
4.010E-01 2.270E+00 4.757E-03 2.275E+00 2.689E-02 
4.020E-01 2.269E+00 4.764E-03 2.273E+00 2.752E-02 
4.030E-01 2.267E+00 4.770E-03 2.272E+00 2.815E-02 
4.040E-01 2.265E+00 4.777E-03 2.270E+00 2.878E-02 
4.050E-01 2.264E+00 4.784E-03 2.268E+00 2.942E-02 
4.060E-01 2.262E+00 4.791E-03 2.267E+00 3.005E-02 
4.070E-01 2.260E+00 4.798E-03 2.265E+00 3.069E-02 
4.080E-01 2.259E+00 4.804E-03 2.264E+00 3.133E-02 
4.090E-01 2.257E+00 4.811E-03 2.262E+00 3.196E-02 
4.100E-01 2.256E+00 4.818E-03 2.260E+00 3.260E-02 
4.110E-01 2.254E+00 4.825E-03 2.259E+00 3.325E-02 
4.120E-01 2.252E+00 4.832E-03 2.257E+00 3.389E-02 
4.130E-01 2.251E+00 4.839E-03 2.256E+00 3.453E-02 
4.140E-01 2.249E+00 4.846E-03 2.254E+00 3.518E-02 
4.150E-01 2.248E+00 4.853E-03 2.253E+00 3.582E-02 
4.160E-01 2.246E+00 4.859E-03 2.251E+00 3.647E-02 
4.170E-01 2.245E+00 4.866E-03 2.250E+00 3.712E-02 
4.180E-01 2.243E+00 4.873E-03 2.248E+00 3.776E-02 
4.190E-01 2.242E+00 4.880E-03 2.247E+00 3.841E-02 
4.200E-01 2.240E+00 4.887E-03 2.245E+00 3.907E-02 
4.210E-01 2.239E+00 4.894E-03 2.244E+00 3.972E-02 
4.220E-01 2.237E+00 4.901E-03 2.242E+00 4.037E-02 
4.230E-01 2.236E+00 4.908E-03 2.241E+00 4.103E-02 
4.240E-01 2.234E+00 4.915E-03 2.239E+00 4.168E-02 
4.250E-01 2.233E+00 4.922E-03 2.238E+00 4.234E-02 
4.260E-01 2.231E+00 4.929E-03 2.236E+00 4.299E-02 
4.270E-01 2.230E+00 4.936E-03 2.235E+00 4.365E-02 
4.280E-01 2.228E+00 4.943E-03 2.233E+00 4.431E-02 
4.290E-01 2.227E+00 4.950E-03 2.232E+00 4.497E-02 
4.300E-01 2.226E+00 4.957E-03 2.231E+00 4.563E-02 
4.310E-01 2.224E+00 4.964E-03 2.229E+00 4.630E-02 
4.320E-01 2.223E+00 4.971E-03 2.228E+00 4.696E-02 
4.330E-01 2.221E+00 4.978E-03 2.226E+00 4.762E-02 
4.340E-01 2.220E+00 4.985E-03 2.225E+00 4.829E-02 
4.350E-01 2.219E+00 4.992E-03 2.224E+00 4.896E-02 
4.360E-01 2.217E+00 4.999E-03 2.222E+00 4.962E-02 
4.370E-01 2.216E+00 5.006E-03 2.221E+00 5.029E-02 
4.380E-01 2.214E+00 5.013E-03 2.219E+00 5.096E-02 
4.390E-01 2.213E+00 5.020E-03 2.218E+00 5.163E-02 
4.400E-01 2.212E+00 5.027E-03 2.217E+00 5.230E-02 
4.410E-01 2.210E+00 5.034E-03 2.215E+00 5.298E-02 
4.420E-01 2.209E+00 5.041E-03 2.214E+00 5.365E-02 
4.430E-01 2.208E+00 5.048E-03 2.213E+00 5.432E-02 
4.440E-01 2.206E+00 5.055E-03 2.211E+00 5.500E-02 
4.450E-01 2.205E+00 5.063E-03 2.210E+00 5.567E-02 
4.460E-01 2.204E+00 5.070E-03 2.209E+00 5.635E-02 
4.470E-01 2.202E+00 5.077E-03 2.208E+00 5.703E-02 
4.480E-01 2.201E+00 5.084E-03 2.206E+00 5.771E-02 
4.490E-01 2.200E+00 5.091E-03 2.205E+00 5.839E-02 
4.500E-01 2.199E+00 5.098E-03 2.204E+00 5.907E-02 
4.510E-01 2.197E+00 5.105E-03 2.202E+00 5.975E-02 
4.520E-01 2.196E+00 5.112E-03 2.201E+00 6.043E-02 
4.530E-01 2.195E+00 5.120E-03 2.200E+00 6.111E-02 
4.540E-01 2.194E+00 5.127E-03 2.199E+00 6.180E-02 
4.550E-01 2.192E+00 5.134E-03 2.197E+00 6.248E-02 
4.560E-01 2.191E+00 5.141E-03 2.196E+00 6.317E-02 
4.570E-01 2.190E+00 5.148E-03 2.195E+00 6.385E-02 
4.580E-01 2.189E+00 5.155E-03 2.194E+00 6.454E-02 
4.590E-01 2.187E+00 5.163E-03 2.192E+00 6.523E-02 
4.600E-01 2.186E+00 5.170E-03 2.191E+00 6.592E-02 
4.610E-01 2.185E+00 5.177E-03 2.190E+00 6.661E-02 
4.620E-01 2.184E+00 5.184E-03 2.189E+00 6.730E-02 
4.630E-01 2.182E+00 5.191E-03 2.188E+00 6.799E-02 
4.640E-01 2.181E+00 5.199E-03 2.186E+00 6.868E-02 
4.650E-01 2.180E+00 5.206E-03 2.185E+00 6.937E-02 
4.660E-01 2.179E+00 5.213E-03 2.184E+00 7.007E-02 
4.670E-01 2.178E+00 5.220E-03 2.183E+00 7.076E-02 
4.680E-01 2.177E+00 5.227E-03 2.182E+00 7.146E-02 
4.690E-01 2.175E+00 5.235E-03 2.181E+00 7.215E-02 
4.700E-01 2.174E+00 5.242E-03 2.179E+00 7.285E-02 
4.710E-01 2.173E+00 5.249E-03 2.178E+00 7.355E-02 
4.720E-01 2.172E+00 5.256E-03 2.177E+00 7.425E-02 
4.730E-01 2.171E+00 5.264E-03 2.176E+00 7.495E-02 
4.740E-01 2.170E+00 5.271E-03 2.175E+00 7.565E-02 
4.750E-01 2.169E+00 5.278E-03 2.174E+00 7.635E-02 
4.760E-01 2.167E+00 5.286E-03 2.173E+00 7.705E-02 
4.770E-01 2.166E+00 5.293E-03 2.172E+00 7.775E-02 
4.780E-01 2.165E+00 5.300E-03 2.170E+00 7.845E-02 
4.790E-01 2.164E+00 5.308E-03 2.169E+00 7.916E-02 
4.800E-01 2.163E+00 5.315E-03 2.168E+00 7.986E-02 
4.810E-01 2.162E+00 5.322E-03 2.167E+00 8.057E-02 
4.820E-01 2.161E+00 5.329E-03 2.166E+00 8.127E-02 
4.830E-01 2.160E+00 5.337E-03 2.165E+00 8.198E-02 
4.840E-01 2.159E+00 5.344E-03 2.164E+00 8.269E-02 
4.850E-01 2.157E+00 5.351E-03 2.163E+00 8.339E-02 
4.860E-01 2.156E+00 5.359E-03 2.162E+00 8.410E-02 
4.870E-01 2.155E+00 5.366E-03 2.161E+00 8.481E-02 
4.880E-01 2.154E+00 5.374E-03 2.160E+00 8.552E-02 
4.890E-01 2.153E+00 5.381E-03 2.159E+00 8.623E-02 
4.900E-01 2.152E+00 5.388E-03 2.158E+00 8.694E-02 
4.910E-01 2.151E+00 5.396E-03 2.156E+00 8.765E-02 
4.920E-01 2.150E+00 5.403E-03 2.155E+00 8.837E-02 
4.930E-01 2.149E+00 5.410E-03 2.154E+00 8.908E-02 
4.940E-01 2.148E+00 5.418E-03 2.153E+00 8.979E-02 
4.950E-01 2.147E+00 5.425E-03 2.152E+00 9.051E-02 
4.960E-01 2.146E+00 5.433E-03 2.151E+00 9.122E-02 
4.970E-01 2.145E+00 5.440E-03 2.150E+00 9.194E-02 
4.980E-01 2.144E+00 5.447E-03 2.149E+00 9.266E-02 
4.990E-01 2.143E+00 5.455E-03 2.148E+00 9.337E-02 
5.000E-01 2.142E+00 5.462E-03 2.147E+00 9.409E-02 
5.010E-01 2.141E+00 5.470E-03 2.146E+00 9.481E-02 
5.020E-01 2.140E+00 5.477E-03 2.145E+00 9.553E-02 
5.030E-01 2.139E+00 5.485E-03 2.144E+00 9.625E-02 
5.040E-01 2.138E+00 5.492E-03 2.143E+00 9.697E-02 
5.050E-01 2.137E+00 5.500E-03 2.142E+00 9.769E-02 
5.060E-01 2.136E+00 5.507E-03 2.141E+00 9.841E-02 
5.070E-01 2.135E+00 5.515E-03 2.140E+00 9.913E-02 
5.080E-01 2.134E+00 5.522E-03 2.140E+00 9.985E-02 
5.090E-01 2.133E+00 5.529E-03 2.139E+00 1.006E-01 
5.100E-01 2.132E+00 5.537E-03 2.138E+00 1.013E-01 
5.110E-01 2.131E+00 5.544E-03 2.137E+00 1.020E-01 
5.120E-01 2.130E+00 5.552E-03 2.136E+00 1.027E-01 
5.130E-01 2.129E+00 5.559E-03 2.135E+00 1.035E-01 
5.140E-01 2.128E+00 5.567E-03 2.134E+00 1.042E-01 
5.150E-01 2.127E+00 5.574E-03 2.133E+00 1.049E-01 
5.160E-01 2.126E+00 5.582E-03 2.132E+00 1.057E-01 
5.170E-01 2.125E+00 5.590E-03 2.131E+00 1.064E-01 
5.180E-01 2.125E+00 5.597E-03 2.130E+00 1.071E-01 
5.190E-01 2.124E+00 5.605E-03 2.129E+00 1.078E-01 
5.200E-01 2.123E+00 5.612E-03 2.128E+00 1.086E-01 
5.210E-01 2.122E+00 5.620E-03 2.127E+00 1.093E-01 
5.220E-01 2.121E+00 5.627E-03 2.127E+00 1.100E-01 
5.230E-01 2.120E+00 5.635E-03 2.126E+00 1.108E-01 
5.240E-01 2.119E+00 5.642E-03 2.125E+00 1.115E-01 
5.250E-01 2.118E+00 5.650E-03 2.124E+00 1.122E-01 
5.260E-01 2.117E+00 5.658E-03 2.123E+00 1.130E-01 
5.270E-01 2.116E+00 5.665E-03 2.122E+00 1.137E-01 
5.280E-01 2.116E+00 5.673E-03 2.121E+00 1.144E-01 
5.290E-01 2.115E+00 5.680E-03 2.120E+00 1.152E-01 
5.300E-01 2.114E+00 5.688E-03 2.120E+00 1.159E-01 
5.310E-01 2.113E+00 5.695E-03 2.119E+00 1.166E-01 
5.320E-01 2.112E+00 5.703E-03 2.118E+00 1.174E-01 
5.330E-01 2.111E+00 5.711E-03 2.117E+00 1.181E-01 
5.340E-01 2.110E+00 5.718E-03 2.116E+00 1.188E-01 
5.350E-01 2.110E+00 5.726E-03 2.115E+00 1.196E-01 
5.360E-01 2.109E+00 5.734E-03 2.114E+00 1.203E-01 
5.370E-01 2.108E+00 5.741E-03 2.114E+00 1.210E-01 
5.380E-01 2.107E+00 5.749E-03 2.113E+00 1.218E-01 
5.390E-01 2.106E+00 5.756E-03 2.112E+00 1.225E-01 
5.400E-01 2.105E+00 5.764E-03 2.111E+00 1.233E-01 
5.410E-01 2.104E+00 5.772E-03 2.110E+00 1.240E-01 
5.420E-01 2.104E+00 5.779E-03 2.109E+00 1.247E-01 
5.430E-01 2.103E+00 5.787E-03 2.109E+00 1.255E-01 
5.440E-01 2.102E+00 5.795E-03 2.108E+00 1.262E-01 
5.450E-01 2.101E+00 5.802E-03 2.107E+00 1.270E-01 
5.460E-01 2.100E+00 5.810E-03 2.106E+00 1.277E-01 
5.470E-01 2.100E+00 5.818E-03 2.105E+00 1.284E-01 
5.480E-01 2.099E+00 5.826E-03 2.105E+00 1.292E-01 
5.490E-01 2.098E+00 5.833E-03 2.104E+00 1.299E-01 
5.500E-01 2.097E+00 5.841E-03 2.103E+00 1.307E-01 
5.510E-01 2.096E+00 5.849E-03 2.102E+00 1.314E-01 
5.520E-01 2.096E+00 5.856E-03 2.101E+00 1.322E-01 
5.530E-01 2.095E+00 5.864E-03 2.101E+00 1.329E-01 
5.540E-01 2.094E+00 5.872E-03 2.100E+00 1.337E-01 
5.550E-01 2.093E+00 5.879E-03 2.099E+00 1.344E-01 
5.560E-01 2.092E+00 5.887E-03 2.098E+00 1.351E-01 
5.570E-01 2.092E+00 5.895E-03 2.098E+00 1.359E-01 
5.580E-01 2.091E+00 5.903E-03 2.097E+00 1.366E-01 
5.590E-01 2.090E+00 5.910E-03 2.096E+00 1.374E-01 
5.600E-01 2.089E+00 5.918E-03 2.095E+00 1.381E-01 
5.610E-01 2.089E+00 5.926E-03 2.094E+00 1.389E-01 
5.620E-01 2.088E+00 5.934E-03 2.094E+00 1.396E-01 
5.630E-01 2.087E+00 5.942E-03 2.093E+00 1.404E-01 
5.640E-01 2.086E+00 5.949E-03 2.092E+00 1.411E-01 
5.650E-01 2.086E+00 5.957E-03 2.092E+00 1.419E-01 
5.660E-01 2.085E+00 5.965E-03 2.091E+00 1.426E-01 
5.670E-01 2.084E+00 5.973E-03 2.090E+00 1.434E-01 
5.680E-01 2.083E+00 5.980E-03 2.089E+00 1.441E-01 
5.690E-01 2.083E+00 5.988E-03 2.089E+00 1.449E-01 
5.700E-01 2.082E+00 5.996E-03 2.088E+00 1.456E-01 
5.710E-01 2.081E+00 6.004E-03 2.087E+00 1.464E-01 
5.720E-01 2.080E+00 6.012E-03 2.086E+00 1.471E-01 
5.730E-01 2.080E+00 6.019E-03 2.086E+00 1.479E-01 
5.740E-01 2.079E+00 6.027E-03 2.085E+00 1.486E-01 
5.750E-01 2.078E+00 6.035E-03 2.084E+00 1.494E-01 
5.760E-01 2.078E+00 6.043E-03 2.084E+00 1.501E-01 
5.770E-01 2.077E+00 6.051E-03 2.083E+00 1.509E-01 
5.780E-01 2.076E+00 6.059E-03 2.082E+00 1.516E-01 
5.790E-01 2.075E+00 6.067E-03 2.081E+00 1.524E-01 
5.800E-01 2.075E+00 6.074E-03 2.081E+00 1.532E-01 
5.810E-01 2.074E+00 6.082E-03 2.080E+00 1.539E-01 
5.820E-01 2.073E+00 6.090E-03 2.079E+00 1.547E-01 
5.830E-01 2.073E+00 6.098E-03 2.079E+00 1.554E-01 
5.840E-01 2.072E+00 6.106E-03 2.078E+00 1.562E-01 
5.850E-01 2.071E+00 6.114E-03 2.077E+00 1.569E-01 
5.860E-01 2.071E+00 6.122E-03 2.077E+00 1.577E-01 
5.870E-01 2.070E+00 6.130E-03 2.076E+00 1.585E-01 
5.880E-01 2.069E+00 6.137E-03 2.075E+00 1.592E-01 
5.890E-01 2.069E+00 6.145E-03 2.075E+00 1.600E-01 
5.900E-01 2.068E+00 6.153E-03 2.074E+00 1.607E-01 
5.910E-01 2.067E+00 6.161E-03 2.073E+00 1.615E-01 
5.920E-01 2.067E+00 6.169E-03 2.073E+00 1.622E-01 
5.930E-01 2.066E+00 6.177E-03 2.072E+00 1.630E-01 
5.940E-01 2.065E+00 6.185E-03 2.071E+00 1.638E-01 
5.950E-01 2.065E+00 6.193E-03 2.071E+00 1.645E-01 
5.960E-01 2.064E+00 6.201E-03 2.070E+00 1.653E-01 
5.970E-01 2.063E+00 6.209E-03 2.069E+00 1.660E-01 
5.980E-01 2.063E+00 6.217E-03 2.069E+00 1.668E-01 
5.990E-01 2.062E+00 6.225E-03 2.068E+00 1.676E-01 
6.000E-01 2.061E+00 6.233E-03 2.068E+00 1.683E-01 
6.010E-01 2.061E+00 6.241E-03 2.067E+00 1.691E-01 
6.020E-01 2.060E+00 6.249E-03 2.066E+00 1.698E-01 
6.030E-01 2.059E+00 6.257E-03 2.066E+00 1.706E-01 
6.040E-01 2.059E+00 6.264E-03 2.065E+00 1.714E-01 
6.050E-01 2.058E+00 6.272E-03 2.064E+00 1.721E-01 
6.060E-01 2.057E+00 6.280E-03 2.064E+00 1.729E-01 
6.070E-01 2.057E+00 6.288E-03 2.063E+00 1.736E-01 
6.080E-01 2.056E+00 6.296E-03 2.063E+00 1.744E-01 
6.090E-01 2.056E+00 6.304E-03 2.062E+00 1.752E-01 
6.100E-01 2.055E+00 6.313E-03 2.061E+00 1.759E-01 
6.110E-01 2.054E+00 6.321E-03 2.061E+00 1.767E-01 
6.120E-01 2.054E+00 6.329E-03 2.060E+00 1.775E-01 
6.130E-01 2.053E+00 6.337E-03 2.059E+00 1.782E-01 
6.140E-01 2.053E+00 6.345E-03 2.059E+00 1.790E-01 
6.150E-01 2.052E+00 6.353E-03 2.058E+00 1.798E-01 
6.160E-01 2.051E+00 6.361E-03 2.058E+00 1.805E-01 
6.170E-01 2.051E+00 6.369E-03 2.057E+00 1.813E-01 
6.180E-01 2.050E+00 6.377E-03 2.057E+00 1.821E-01 
6.190E-01 2.050E+00 6.385E-03 2.056E+00 1.828E-01 
6.200E-01 2.049E+00 6.393E-03 2.055E+00 1.836E-01 
6.210E-01 2.048E+00 6.401E-03 2.055E+00 1.843E-01 
6.220E-01 2.048E+00 6.409E-03 2.054E+00 1.851E-01 
6.230E-01 2.047E+00 6.417E-03 2.054E+00 1.859E-01 
6.240E-01 2.047E+00 6.425E-03 2.053E+00 1.866E-01 
6.250E-01 2.046E+00 6.433E-03 2.052E+00 1.874E-01 
6.260E-01 2.045E+00 6.441E-03 2.052E+00 1.882E-01 
6.270E-01 2.045E+00 6.449E-03 2.051E+00 1.889E-01 
6.280E-01 2.044E+00 6.458E-03 2.051E+00 1.897E-01 
6.290E-01 2.044E+00 6.466E-03 2.050E+00 1.905E-01 
6.300E-01 2.043E+00 6.474E-03 2.050E+00 1.913E-01 
6.310E-01 2.043E+00 6.482E-03 2.049E+00 1.920E-01 
6.320E-01 2.042E+00 6.490E-03 2.049E+00 1.928E-01 
6.330E-01 2.041E+00 6.498E-03 2.048E+00 1.936E-01 
6.340E-01 2.041E+00 6.506E-03 2.047E+00 1.943E-01 
6.350E-01 2.040E+00 6.514E-03 2.047E+00 1.951E-01 
6.360E-01 2.040E+00 6.523E-03 2.046E+00 1.959E-01 
6.370E-01 2.039E+00 6.531E-03 2.046E+00 1.966E-01 
6.380E-01 2.039E+00 6.539E-03 2.045E+00 1.974E-01 
6.390E-01 2.038E+00 6.547E-03 2.045E+00 1.982E-01 
6.400E-01 2.038E+00 6.555E-03 2.044E+00 1.989E-01 
6.410E-01 2.037E+00 6.563E-03 2.044E+00 1.997E-01 
6.420E-01 2.036E+00 6.572E-03 2.043E+00 2.005E-01 
6.430E-01 2.036E+00 6.580E-03 2.043E+00 2.012E-01 
6.440E-01 2.035E+00 6.588E-03 2.042E+00 2.020E-01 
6.450E-01 2.035E+00 6.596E-03 2.041E+00 2.028E-01 
6.460E-01 2.034E+00 6.604E-03 2.041E+00 2.036E-01 
6.470E-01 2.034E+00 6.612E-03 2.040E+00 2.043E-01 
6.480E-01 2.033E+00 6.621E-03 2.040E+00 2.051E-01 
6.490E-01 2.033E+00 6.629E-03 2.039E+00 2.059E-01 
6.500E-01 2.032E+00 6.637E-03 2.039E+00 2.066E-01 
6.510E-01 2.032E+00 6.645E-03 2.038E+00 2.074E-01 
6.520E-01 2.031E+00 6.653E-03 2.038E+00 2.082E-01 
6.530E-01 2.031E+00 6.662E-03 2.037E+00 2.090E-01 
6.540E-01 2.030E+00 6.670E-03 2.037E+00 2.097E-01 
6.550E-01 2.030E+00 6.678E-03 2.036E+00 2.105E-01 
6.560E-01 2.029E+00 6.686E-03 2.036E+00 2.113E-01 
6.570E-01 2.029E+00 6.695E-03 2.035E+00 2.120E-01 
6.580E-01 2.028E+00 6.703E-03 2.035E+00 2.128E-01 
6.590E-01 2.028E+00 6.711E-03 2.034E+00 2.136E-01 
6.600E-01 2.027E+00 6.719E-03 2.034E+00 2.144E-01 
6.610E-01 2.027E+00 6.728E-03 2.033E+00 2.151E-01 
6.620E-01 2.026E+00 6.736E-03 2.033E+00 2.159E-01 
6.630E-01 2.026E+00 6.744E-03 2.032E+00 2.167E-01 
6.640E-01 2.025E+00 6.752E-03 2.032E+00 2.175E-01 
6.650E-01 2.025E+00 6.761E-03 2.031E+00 2.182E-01 
6.660E-01 2.024E+00 6.769E-03 2.031E+00 2.190E-01 
6.670E-01 2.024E+00 6.777E-03 2.030E+00 2.198E-01 
6.680E-01 2.023E+00 6.785E-03 2.030E+00 2.205E-01 
6.690E-01 2.023E+00 6.794E-03 2.029E+00 2.213E-01 
6.700E-01 2.022E+00 6.802E-03 2.029E+00 2.221E-01 
6.710E-01 2.022E+00 6.810E-03 2.028E+00 2.229E-01 
6.720E-01 2.021E+00 6.819E-03 2.028E+00 2.236E-01 
6.730E-01 2.021E+00 6.827E-03 2.028E+00 2.244E-01 
6.740E-01 2.020E+00 6.835E-03 2.027E+00 2.252E-01 
6.750E-01 2.020E+00 6.844E-03 2.027E+00 2.260E-01 
6.760E-01 2.019E+00 6.852E-03 2.026E+00 2.267E-01 
6.770E-01 2.019E+00 6.860E-03 2.026E+00 2.275E-01 
6.780E-01 2.018E+00 6.869E-03 2.025E+00 2.283E-01 
6.790E-01 2.018E+00 6.877E-03 2.025E+00 2.291E-01 
6.800E-01 2.017E+00 6.885E-03 2.024E+00 2.298E-01 
6.810E-01 2.017E+00 6.894E-03 2.024E+00 2.306E-01 
6.820E-01 2.016E+00 6.902E-03 2.023E+00 2.314E-01 
6.830E-01 2.016E+00 6.910E-03 2.023E+00 2.322E-01 
6.840E-01 2.016E+00 6.919E-03 2.022E+00 2.329E-01 
6.850E-01 2.015E+00 6.927E-03 2.022E+00 2.337E-01 
6.860E-01 2.015E+00 6.935E-03 2.022E+00 2.345E-01 
6.870E-01 2.014E+00 6.944E-03 2.021E+00 2.353E-01 
6.880E-01 2.014E+00 6.952E-03 2.021E+00 2.360E-01 
6.890E-01 2.013E+00 6.960E-03 2.020E+00 2.368E-01 
6.900E-01 2.013E+00 6.969E-03 2.020E+00 2.376E-01 
6.910E-01 2.012E+00 6.977E-03 2.019E+00 2.384E-01 
6.920E-01 2.012E+00 6.986E-03 2.019E+00 2.391E-01 
6.930E-01 2.011E+00 6.994E-03 2.018E+00 2.399E-01 
6.940E-01 2.011E+00 7.002E-03 2.018E+00 2.407E-01 
6.950E-01 2.011E+00 7.011E-03 2.018E+00 2.415E-01 
6.960E-01 2.010E+00 7.019E-03 2.017E+00 2.422E-01 
6.970E-01 2.010E+00 7.028E-03 2.017E+00 2.430E-01 
6.980E-01 2.009E+00 7.036E-03 2.016E+00 2.438E-01 
6.990E-01 2.009E+00 7.044E-03 2.016E+00 2.446E-01 
7.000E-01 2.008E+00 7.053E-03 2.015E+00 2.454E-01 
7.010E-01 2.008E+00 7.061E-03 2.015E+00 2.461E-01 
7.020E-01 2.008E+00 7.070E-03 2.015E+00 2.469E-01 
7.030E-01 2.007E+00 7.078E-03 2.014E+00 2.477E-01 
7.040E-01 2.007E+00 7.086E-03 2.014E+00 2.485E-01 
7.050E-01 2.006E+00 7.095E-03 2.013E+00 2.492E-01 
7.060E-01 2.006E+00 7.103E-03 2.013E+00 2.500E-01 
7.070E-01 2.005E+00 7.112E-03 2.013E+00 2.508E-01 
7.080E-01 2.005E+00 7.120E-03 2.012E+00 2.516E-01 
7.090E-01 2.005E+00 7.129E-03 2.012E+00 2.523E-01 
7.100E-01 2.004E+00 7.137E-03 2.011E+00 2.531E-01 
7.110E-01 2.004E+00 7.146E-03 2.011E+00 2.539E-01 
7.120E-01 2.003E+00 7.154E-03 2.011E+00 2.547E-01 
7.130E-01 2.003E+00 7.163E-03 2.010E+00 2.554E-01 
7.140E-01 2.003E+00 7.171E-03 2.010E+00 2.562E-01 
7.150E-01 2.002E+00 7.180E-03 2.009E+00 2.570E-01 
7.160E-01 2.002E+00 7.188E-03 2.009E+00 2.578E-01 
7.170E-01 2.001E+00 7.196E-03 2.009E+00 2.586E-01 
7.180E-01 2.001E+00 7.205E-03 2.008E+00 2.593E-01 
7.190E-01 2.001E+00 7.213E-03 2.008E+00 2.601E-01 
7.200E-01 2.000E+00 7.222E-03 2.007E+00 2.609E-01 
7.210E-01 2.000E+00 7.230E-03 2.007E+00 2.617E-01 
7.220E-01 1.999E+00 7.239E-03 2.007E+00 2.624E-01 
7.230E-01 1.999E+00 7.247E-03 2.006E+00 2.632E-01 
7.240E-01 1.999E+00 7.256E-03 2.006E+00 2.640E-01 
7.250E-01 1.998E+00 7.264E-03 2.005E+00 2.648E-01 
7.260E-01 1.998E+00 7.273E-03 2.005E+00 2.656E-01 
7.270E-01 1.997E+00 7.282E-03 2.005E+00 2.663E-01 
7.280E-01 1.997E+00 7.290E-03 2.004E+00 2.671E-01 
7.290E-01 1.997E+00 7.299E-03 2.004E+00 2.679E-01 
7.300E-01 1.996E+00 7.307E-03 2.004E+00 2.687E-01 
7.310E-01 1.996E+00 7.316E-03 2.003E+00 2.694E-01 
7.320E-01 1.995E+00 7.324E-03 2.003E+00 2.702E-01 
7.330E-01 1.995E+00 7.333E-03 2.002E+00 2.710E-01 
7.340E-01 1.995E+00 7.341E-03 2.002E+00 2.718E-01 
7.350E-01 1.994E+00 7.350E-03 2.002E+00 2.726E-01 
7.360E-01 1.994E+00 7.358E-03 2.001E+00 2.733E-01 
7.370E-01 1.994E+00 7.367E-03 2.001E+00 2.741E-01 
7.380E-01 1.993E+00 7.376E-03 2.001E+00 2.749E-01 
7.390E-01 1.993E+00 7.384E-03 2.000E+00 2.757E-01 
7.400E-01 1.992E+00 7.393E-03 2.000E+00 2.764E-01 
7.410E-01 1.992E+00 7.401E-03 1.999E+00 2.772E-01 
7.420E-01 1.992E+00 7.410E-03 1.999E+00 2.780E-01 
7.430E-01 1.991E+00 7.418E-03 1.999E+00 2.788E-01 
7.440E-01 1.991E+00 7.427E-03 1.998E+00 2.795E-01 
7.450E-01 1.991E+00 7.436E-03 1.998E+00 2.803E-01 
7.460E-01 1.990E+00 7.444E-03 1.998E+00 2.811E-01 
7.470E-01 1.990E+00 7.453E-03 1.997E+00 2.819E-01 
7.480E-01 1.990E+00 7.461E-03 1.997E+00 2.827E-01 
7.490E-01 1.989E+00 7.470E-03 1.997E+00 2.834E-01 
7.500E-01 1.989E+00 7.479E-03 1.996E+00 2.842E-01 
7.510E-01 1.988E+00 7.487E-03 1.996E+00 2.850E-01 
7.520E-01 1.988E+00 7.496E-03 1.996E+00 2.858E-01 
7.530E-01 1.988E+00 7.505E-03 1.995E+00 2.865E-01 
7.540E-01 1.987E+00 7.513E-03 1.995E+00 2.873E-01 
7.550E-01 1.987E+00 7.522E-03 1.995E+00 2.881E-01 
7.560E-01 1.987E+00 7.530E-03 1.994E+00 2.889E-01 
7.570E-01 1.986E+00 7.539E-03 1.994E+00 2.897E-01 
7.580E-01 1.986E+00 7.548E-03 1.994E+00 2.904E-01 
7.590E-01 1.986E+00 7.556E-03 1.993E+00 2.912E-01 
7.600E-01 1.985E+00 7.565E-03 1.993E+00 2.920E-01 
7.610E-01 1.985E+00 7.574E-03 1.993E+00 2.928E-01 
7.620E-01 1.985E+00 7.582E-03 1.992E+00 2.935E-01 
7.630E-01 1.984E+00 7.591E-03 1.992E+00 2.943E-01 
7.640E-01 1.984E+00 7.600E-03 1.992E+00 2.951E-01 
7.650E-01 1.984E+00 7.608E-03 1.991E+00 2.959E-01 
7.660E-01 1.983E+00 7.617E-03 1.991E+00 2.967E-01 
7.670E-01 1.983E+00 7.626E-03 1.991E+00 2.974E-01 
7.680E-01 1.983E+00 7.634E-03 1.990E+00 2.982E-01 
7.690E-01 1.982E+00 7.643E-03 1.990E+00 2.990E-01 
7.700E-01 1.982E+00 7.652E-03 1.990E+00 2.998E-01 
7.710E-01 1.982E+00 7.661E-03 1.989E+00 3.005E-01 
7.720E-01 1.981E+00 7.669E-03 1.989E+00 3.013E-01 
7.730E-01 1.981E+00 7.678E-03 1.989E+00 3.021E-01 
7.740E-01 1.981E+00 7.687E-03 1.988E+00 3.029E-01 
7.750E-01 1.980E+00 7.695E-03 1.988E+00 3.036E-01 
7.760E-01 1.980E+00 7.704E-03 1.988E+00 3.044E-01 
7.770E-01 1.980E+00 7.713E-03 1.987E+00 3.052E-01 
7.780E-01 1.979E+00 7.722E-03 1.987E+00 3.060E-01 
7.790E-01 1.979E+00 7.730E-03 1.987E+00 3.068E-01 
7.800E-01 1.979E+00 7.739E-03 1.986E+00 3.075E-01 
7.810E-01 1.978E+00 7.748E-03 1.986E+00 3.083E-01 
7.820E-01 1.978E+00 7.756E-03 1.986E+00 3.091E-01 
7.830E-01 1.978E+00 7.765E-03 1.985E+00 3.099E-01 
7.840E-01 1.977E+00 7.774E-03 1.985E+00 3.106E-01 
7.850E-01 1.977E+00 7.783E-03 1.985E+00 3.114E-01 
7.860E-01 1.977E+00 7.791E-03 1.985E+00 3.122E-01 
7.870E-01 1.976E+00 7.800E-03 1.984E+00 3.130E-01 
7.880E-01 1.976E+00 7.809E-03 1.984E+00 3.137E-01 
7.890E-01 1.976E+00 7.818E-03 1.984E+00 3.145E-01 
7.900E-01 1.976E+00 7.827E-03 1.983E+00 3.153E-01 
7.910E-01 1.975E+00 7.835E-03 1.983E+00 3.161E-01 
7.920E-01 1.975E+00 7.844E-03 1.983E+00 3.169E-01 
7.930E-01 1.975E+00 7.853E-03 1.982E+00 3.176E-01 
7.940E-01 1.974E+00 7.862E-03 1.982E+00 3.184E-01 
7.950E-01 1.974E+00 7.871E-03 1.982E+00 3.192E-01 
7.960E-01 1.974E+00 7.879E-03 1.982E+00 3.200E-01 
7.970E-01 1.973E+00 7.888E-03 1.981E+00 3.207E-01 
7.980E-01 1.973E+00 7.897E-03 1.981E+00 3.215E-01 
7.990E-01 1.973E+00 7.906E-03 1.981E+00 3.223E-01 
8.000E-01 1.972E+00 7.915E-03 1.980E+00 3.231E-01 
8.010E-01 1.972E+00 7.923E-03 1.980E+00 3.238E-01 
8.020E-01 1.972E+00 7.932E-03 1.980E+00 3.246E-01 
8.030E-01 1.972E+00 7.941E-03 1.980E+00 3.254E-01 
8.040E-01 1.971E+00 7.950E-03 1.979E+00 3.262E-01 
8.050E-01 1.971E+00 7.959E-03 1.979E+00 3.269E-01 
8.060E-01 1.971E+00 7.968E-03 1.979E+00 3.277E-01 
8.070E-01 1.970E+00 7.976E-03 1.978E+00 3.285E-01 
8.080E-01 1.970E+00 7.985E-03 1.978E+00 3.293E-01 
8.090E-01 1.970E+00 7.994E-03 1.978E+00 3.300E-01 
8.100E-01 1.970E+00 8.003E-03 1.978E+00 3.308E-01 
8.110E-01 1.969E+00 8.012E-03 1.977E+00 3.316E-01 
8.120E-01 1.969E+00 8.021E-03 1.977E+00 3.324E-01 
8.130E-01 1.969E+00 8.030E-03 1.977E+00 3.331E-01 
8.140E-01 1.968E+00 8.038E-03 1.976E+00 3.339E-01 
8.150E-01 1.968E+00 8.047E-03 1.976E+00 3.347E-01 
8.160E-01 1.968E+00 8.056E-03 1.976E+00 3.355E-01 
8.170E-01 1.968E+00 8.065E-03 1.976E+00 3.362E-01 
8.180E-01 1.967E+00 8.074E-03 1.975E+00 3.370E-01 
8.190E-01 1.967E+00 8.083E-03 1.975E+00 3.378E-01 
8.200E-01 1.967E+00 8.092E-03 1.975E+00 3.386E-01 
8.210E-01 1.966E+00 8.101E-03 1.975E+00 3.393E-01 
8.220E-01 1.966E+00 8.110E-03 1.974E+00 3.401E-01 
8.230E-01 1.966E+00 8.118E-03 1.974E+00 3.409E-01 
8.240E-01 1.966E+00 8.127E-03 1.974E+00 3.417E-01 
8.250E-01 1.965E+00 8.136E-03 1.973E+00 3.424E-01 
8.260E-01 1.965E+00 8.145E-03 1.973E+00 3.432E-01 
8.270E-01 1.965E+00 8.154E-03 1.973E+00 3.440E-01 
8.280E-01 1.965E+00 8.163E-03 1.973E+00 3.447E-01 
8.290E-01 1.964E+00 8.172E-03 1.972E+00 3.455E-01 
8.300E-01 1.964E+00 8.181E-03 1.972E+00 3.463E-01 
8.310E-01 1.964E+00 8.190E-03 1.972E+00 3.471E-01 
8.320E-01 1.963E+00 8.199E-03 1.972E+00 3.478E-01 
8.330E-01 1.963E+00 8.208E-03 1.971E+00 3.486E-01 
8.340E-01 1.963E+00 8.217E-03 1.971E+00 3.494E-01 
8.350E-01 1.963E+00 8.226E-03 1.971E+00 3.502E-01 
8.360E-01 1.962E+00 8.235E-03 1.971E+00 3.509E-01 
8.370E-01 1.962E+00 8.244E-03 1.970E+00 3.517E-01 
8.380E-01 1.962E+00 8.253E-03 1.970E+00 3.525E-01 
8.390E-01 1.962E+00 8.261E-03 1.970E+00 3.533E-01 
8.400E-01 1.961E+00 8.270E-03 1.970E+00 3.540E-01 
8.410E-01 1.961E+00 8.279E-03 1.969E+00 3.548E-01 
8.420E-01 1.961E+00 8.288E-03 1.969E+00 3.556E-01 
8.430E-01 1.961E+00 8.297E-03 1.969E+00 3.563E-01 
8.440E-01 1.960E+00 8.306E-03 1.969E+00 3.571E-01 
8.450E-01 1.960E+00 8.315E-03 1.968E+00 3.579E-01 
8.460E-01 1.960E+00 8.324E-03 1.968E+00 3.587E-01 
8.470E-01 1.960E+00 8.333E-03 1.968E+00 3.594E-01 
8.480E-01 1.959E+00 8.342E-03 1.968E+00 3.602E-01 
8.490E-01 1.959E+00 8.351E-03 1.967E+00 3.610E-01 
8.500E-01 1.959E+00 8.360E-03 1.967E+00 3.617E-01 
8.510E-01 1.959E+00 8.369E-03 1.967E+00 3.625E-01 
8.520E-01 1.958E+00 8.378E-03 1.967E+00 3.633E-01 
8.530E-01 1.958E+00 8.387E-03 1.966E+00 3.641E-01 
8.540E-01 1.958E+00 8.397E-03 1.966E+00 3.648E-01 
8.550E-01 1.958E+00 8.406E-03 1.966E+00 3.656E-01 
8.560E-01 1.957E+00 8.415E-03 1.966E+00 3.664E-01 
8.570E-01 1.957E+00 8.424E-03 1.966E+00 3.671E-01 
8.580E-01 1.957E+00 8.433E-03 1.965E+00 3.679E-01 
8.590E-01 1.957E+00 8.442E-03 1.965E+00 3.687E-01 
8.600E-01 1.956E+00 8.451E-03 1.965E+00 3.694E-01 
8.610E-01 1.956E+00 8.460E-03 1.965E+00 3.702E-01 
8.620E-01 1.956E+00 8.469E-03 1.964E+00 3.710E-01 
8.630E-01 1.956E+00 8.478E-03 1.964E+00 3.718E-01 
8.640E-01 1.955E+00 8.487E-03 1.964E+00 3.725E-01 
8.650E-01 1.955E+00 8.496E-03 1.964E+00 3.733E-01 
8.660E-01 1.955E+00 8.505E-03 1.963E+00 3.741E-01 
8.670E-01 1.955E+00 8.514E-03 1.963E+00 3.748E-01 
8.680E-01 1.954E+00 8.523E-03 1.963E+00 3.756E-01 
8.690E-01 1.954E+00 8.532E-03 1.963E+00 3.764E-01 
8.700E-01 1.954E+00 8.542E-03 1.963E+00 3.771E-01 
8.710E-01 1.954E+00 8.551E-03 1.962E+00 3.779E-01 
8.720E-01 1.954E+00 8.560E-03 1.962E+00 3.787E-01 
8.730E-01 1.953E+00 8.569E-03 1.962E+00 3.795E-01 
8.740E-01 1.953E+00 8.578E-03 1.962E+00 3.802E-01 
8.750E-01 1.953E+00 8.587E-03 1.961E+00 3.810E-01 
8.760E-01 1.953E+00 8.596E-03 1.961E+00 3.818E-01 
8.770E-01 1.952E+00 8.605E-03 1.961E+00 3.825E-01 
8.780E-01 1.952E+00 8.614E-03 1.961E+00 3.833E-01 
8.790E-01 1.952E+00 8.623E-03 1.961E+00 3.841E-01 
8.800E-01 1.952E+00 8.633E-03 1.960E+00 3.848E-01 
8.810E-01 1.952E+00 8.642E-03 1.960E+00 3.856E-01 
8.820E-01 1.951E+00 8.651E-03 1.960E+00 3.864E-01 
8.830E-01 1.951E+00 8.660E-03 1.960E+00 3.871E-01 
8.840E-01 1.951E+00 8.669E-03 1.960E+00 3.879E-01 
8.850E-01 1.951E+00 8.678E-03 1.959E+00 3.887E-01 
8.860E-01 1.950E+00 8.687E-03 1.959E+00 3.894E-01 
8.870E-01 1.950E+00 8.697E-03 1.959E+00 3.902E-01 
8.880E-01 1.950E+00 8.706E-03 1.959E+00 3.910E-01 
8.890E-01 1.950E+00 8.715E-03 1.958E+00 3.917E-01 
8.900E-01 1.950E+00 8.724E-03 1.958E+00 3.925E-01 
8.910E-01 1.949E+00 8.733E-03 1.958E+00 3.933E-01 
8.920E-01 1.949E+00 8.742E-03 1.958E+00 3.940E-01 
8.930E-01 1.949E+00 8.752E-03 1.958E+00 3.948E-01 
8.940E-01 1.949E+00 8.761E-03 1.957E+00 3.956E-01 
8.950E-01 1.948E+00 8.770E-03 1.957E+00 3.963E-01 
8.960E-01 1.948E+00 8.779E-03 1.957E+00 3.971E-01 
8.970E-01 1.948E+00 8.788E-03 1.957E+00 3.979E-01 
8.980E-01 1.948E+00 8.798E-03 1.957E+00 3.986E-01 
8.990E-01 1.948E+00 8.807E-03 1.956E+00 3.994E-01 
9.000E-01 1.947E+00 8.816E-03 1.956E+00 4.002E-01 
9.010E-01 1.947E+00 8.825E-03 1.956E+00 4.009E-01 
9.020E-01 1.947E+00 8.834E-03 1.956E+00 4.017E-01 
9.030E-01 1.947E+00 8.844E-03 1.956E+00 4.025E-01 
9.040E-01 1.947E+00 8.853E-03 1.955E+00 4.032E-01 
9.050E-01 1.946E+00 8.862E-03 1.955E+00 4.040E-01 
9.060E-01 1.946E+00 8.871E-03 1.955E+00 4.047E-01 
9.070E-01 1.946E+00 8.880E-03 1.955E+00 4.055E-01 
9.080E-01 1.946E+00 8.890E-03 1.955E+00 4.063E-01 
9.090E-01 1.946E+00 8.899E-03 1.954E+00 4.070E-01 
9.100E-01 1.945E+00 8.908E-03 1.954E+00 4.078E-01 
9.110E-01 1.945E+00 8.917E-03 1.954E+00 4.086E-01 
9.120E-01 1.945E+00 8.927E-03 1.954E+00 4.093E-01 
9.130E-01 1.945E+00 8.936E-03 1.954E+00 4.101E-01 
9.140E-01 1.945E+00 8.945E-03 1.954E+00 4.109E-01 
9.150E-01 1.944E+00 8.954E-03 1.953E+00 4.116E-01 
9.160E-01 1.944E+00 8.964E-03 1.953E+00 4.124E-01 
9.170E-01 1.944E+00 8.973E-03 1.953E+00 4.131E-01 
9.180E-01 1.944E+00 8.982E-03 1.953E+00 4.139E-01 
9.190E-01 1.944E+00 8.991E-03 1.953E+00 4.147E-01 
9.200E-01 1.943E+00 9.001E-03 1.952E+00 4.154E-01 
9.210E-01 1.943E+00 9.010E-03 1.952E+00 4.162E-01 
9.220E-01 1.943E+00 9.019E-03 1.952E+00 4.170E-01 
9.230E-01 1.943E+00 9.029E-03 1.952E+00 4.177E-01 
9.240E-01 1.943E+00 9.038E-03 1.952E+00 4.185E-01 
9.250E-01 1.942E+00 9.047E-03 1.951E+00 4.192E-01 
9.260E-01 1.942E+00 9.056E-03 1.951E+00 4.200E-01 
9.270E-01 1.942E+00 9.066E-03 1.951E+00 4.208E-01 
9.280E-01 1.942E+00 9.075E-03 1.951E+00 4.215E-01 
9.290E-01 1.942E+00 9.084E-03 1.951E+00 4.223E-01 
9.300E-01 1.941E+00 9.094E-03 1.951E+00 4.230E-01 
9.310E-01 1.941E+00 9.103E-03 1.950E+00 4.238E-01 
9.320E-01 1.941E+00 9.112E-03 1.950E+00 4.246E-01 
9.330E-01 1.941E+00 9.122E-03 1.950E+00 4.253E-01 
9.340E-01 1.941E+00 9.131E-03 1.950E+00 4.261E-01 
9.350E-01 1.941E+00 9.140E-03 1.950E+00 4.268E-01 
9.360E-01 1.940E+00 9.150E-03 1.949E+00 4.276E-01 
9.370E-01 1.940E+00 9.159E-03 1.949E+00 4.284E-01 
9.380E-01 1.940E+00 9.168E-03 1.949E+00 4.291E-01 
9.390E-01 1.940E+00 9.178E-03 1.949E+00 4.299E-01 
9.400E-01 1.940E+00 9.187E-03 1.949E+00 4.306E-01 
9.410E-01 1.939E+00 9.196E-03 1.949E+00 4.314E-01 
9.420E-01 1.939E+00 9.206E-03 1.948E+00 4.322E-01 
9.430E-01 1.939E+00 9.215E-03 1.948E+00 4.329E-01 
9.440E-01 1.939E+00 9.224E-03 1.948E+00 4.337E-01 
9.450E-01 1.939E+00 9.234E-03 1.948E+00 4.344E-01 
9.460E-01 1.939E+00 9.243E-03 1.948E+00 4.352E-01 
9.470E-01 1.938E+00 9.252E-03 1.948E+00 4.360E-01 
9.480E-01 1.938E+00 9.262E-03 1.947E+00 4.367E-01 
9.490E-01 1.938E+00 9.271E-03 1.947E+00 4.375E-01 
9.500E-01 1.938E+00 9.281E-03 1.947E+00 4.382E-01 
9.510E-01 1.938E+00 9.290E-03 1.947E+00 4.390E-01 
9.520E-01 1.937E+00 9.299E-03 1.947E+00 4.397E-01 
9.530E-01 1.937E+00 9.309E-03 1.947E+00 4.405E-01 
9.540E-01 1.937E+00 9.318E-03 1.946E+00 4.413E-01 
9.550E-01 1.937E+00 9.328E-03 1.946E+00 4.420E-01 
9.560E-01 1.937E+00 9.337E-03 1.946E+00 4.428E-01 
9.570E-01 1.937E+00 9.346E-03 1.946E+00 4.435E-01 
9.580E-01 1.936E+00 9.356E-03 1.946E+00 4.443E-01 
9.590E-01 1.936E+00 9.365E-03 1.946E+00 4.450E-01 
9.600E-01 1.936E+00 9.375E-03 1.945E+00 4.458E-01 
9.610E-01 1.936E+00 9.384E-03 1.945E+00 4.466E-01 
9.620E-01 1.936E+00 9.393E-03 1.945E+00 4.473E-01 
9.630E-01 1.936E+00 9.403E-03 1.945E+00 4.481E-01 
9.640E-01 1.935E+00 9.412E-03 1.945E+00 4.488E-01 
9.650E-01 1.935E+00 9.422E-03 1.945E+00 4.496E-01 
9.660E-01 1.935E+00 9.431E-03 1.945E+00 4.503E-01 
9.670E-01 1.935E+00 9.441E-03 1.944E+00 4.511E-01 
9.680E-01 1.935E+00 9.450E-03 1.944E+00 4.518E-01 
9.690E-01 1.935E+00 9.459E-03 1.944E+00 4.526E-01 
9.700E-01 1.934E+00 9.469E-03 1.944E+00 4.533E-01 
9.710E-01 1.934E+00 9.478E-03 1.944E+00 4.541E-01 
9.720E-01 1.934E+00 9.488E-03 1.944E+00 4.549E-01 
9.730E-01 1.934E+00 9.497E-03 1.943E+00 4.556E-01 
9.740E-01 1.934E+00 9.507E-03 1.943E+00 4.564E-01 
9.750E-01 1.934E+00 9.516E-03 1.943E+00 4.571E-01 
9.760E-01 1.933E+00 9.526E-03 1.943E+00 4.579E-01 
9.770E-01 1.933E+00 9.535E-03 1.943E+00 4.586E-01 
9.780E-01 1.933E+00 9.545E-03 1.943E+00 4.594E-01 
9.790E-01 1.933E+00 9.554E-03 1.943E+00 4.601E-01 
9.800E-01 1.933E+00 9.564E-03 1.942E+00 4.609E-01 
9.810E-01 1.933E+00 9.573E-03 1.942E+00 4.616E-01 
9.820E-01 1.932E+00 9.583E-03 1.942E+00 4.624E-01 
9.830E-01 1.932E+00 9.592E-03 1.942E+00 4.631E-01 
9.840E-01 1.932E+00 9.602E-03 1.942E+00 4.639E-01 
9.850E-01 1.932E+00 9.611E-03 1.942E+00 4.646E-01 
9.860E-01 1.932E+00 9.621E-03 1.941E+00 4.654E-01 
9.870E-01 1.932E+00 9.630E-03 1.941E+00 4.661E-01 
9.880E-01 1.932E+00 9.640E-03 1.941E+00 4.669E-01 
9.890E-01 1.931E+00 9.649E-03 1.941E+00 4.676E-01 
9.900E-01 1.931E+00 9.659E-03 1.941E+00 4.684E-01 
9.910E-01 1.931E+00 9.668E-03 1.941E+00 4.691E-01 
9.920E-01 1.931E+00 9.678E-03 1.941E+00 4.699E-01 
9.930E-01 1.931E+00 9.687E-03 1.940E+00 4.706E-01 
9.940E-01 1.931E+00 9.697E-03 1.940E+00 4.714E-01 
9.950E-01 1.930E+00 9.706E-03 1.940E+00 4.721E-01 
9.960E-01 1.930E+00 9.716E-03 1.940E+00 4.729E-01 
9.970E-01 1.930E+00 9.725E-03 1.940E+00 4.736E-01 
9.980E-01 1.930E+00 9.735E-03 1.940E+00 4.744E-01 
9.990E-01 1.930E+00 9.744E-03 1.940E+00 4.751E-01 
1.000E+00 1.930E+00 9.754E-03 1.939E+00 4.759E-01 
1.500E+00 1.895E+00 1.490E-02 1.910E+00 8.243E-01 
2.000E+00 1.895E+00 2.062E-02 1.916E+00 1.121E+00 
2.500E+00 1.905E+00 2.678E-02 1.932E+00 1.375E+00 
3.000E+00 1.917E+00 3.327E-02 1.950E+00 1.596E+00 
3.500E+00 1.930E+00 4.004E-02 1.970E+00 1.791E+00 
4.000E+00 1.942E+00 4.704E-02 1.989E+00 1.966E+00 
4.500E+00 1.954E+00 5.424E-02 2.008E+00 2.124E+00 
5.000E+00 1.965E+00 6.162E-02 2.026E+00 2.269E+00 
6.000E+00 1.984E+00 7.684E-02 2.061E+00 2.527E+00 
7.000E+00 2.002E+00 9.259E-02 2.094E+00 2.751E+00 
8.000E+00 2.017E+00 1.088E-01 2.126E+00 2.952E+00 
9.000E+00 2.030E+00 1.253E-01 2.156E+00 3.132E+00 
1.000E+01 2.042E+00 1.422E-01 2.184E+00 3.298E+00 
1.500E+01 2.087E+00 2.301E-01 2.317E+00 3.967E+00 
2.000E+01 2.117E+00 3.220E-01 2.439E+00 4.473E+00 
2.500E+01 2.139E+00 4.166E-01 2.556E+00 4.880E+00 
3.000E+01 2.157E+00 5.129E-01 2.670E+00 5.221E+00 
3.500E+01 2.171E+00 6.105E-01 2.782E+00 5.514E+00 
4.000E+01 2.184E+00 7.092E-01 2.893E+00 5.770E+00 
4.500E+01 2.195E+00 8.088E-01 3.004E+00 5.997E+00 
5.000E+01 2.204E+00 9.092E-01 3.114E+00 6.202E+00 
6.000E+01 2.221E+00 1.112E+00 3.333E+00 6.558E+00 
7.000E+01 2.235E+00 1.316E+00 3.551E+00 6.861E+00 
8.000E+01 2.247E+00 1.522E+00 3.769E+00 7.125E+00 
9.000E+01 2.257E+00 1.730E+00 3.987E+00 7.357E+00 
1.000E+02 2.267E+00 1.938E+00 4.205E+00 7.566E+00 
1.500E+02 2.303E+00 2.991E+00 5.294E+00 8.371E+00 
2.000E+02 2.328E+00 4.057E+00 6.385E+00 8.944E+00 
2.500E+02 2.348E+00 5.131E+00 7.479E+00 9.389E+00 
3.000E+02 2.364E+00 6.210E+00 8.574E+00 9.753E+00 
3.500E+02 2.377E+00 7.294E+00 9.671E+00 1.006E+01 
4.000E+02 2.389E+00 8.380E+00 1.077E+01 1.033E+01 
4.500E+02 2.399E+00 9.469E+00 1.187E+01 1.056E+01 
5.000E+02 2.409E+00 1.056E+01 1.297E+01 1.077E+01 
6.000E+02 2.425E+00 1.275E+01 1.517E+01 1.114E+01 
7.000E+02 2.438E+00 1.494E+01 1.737E+01 1.144E+01 
8.000E+02 2.450E+00 1.713E+01 1.958E+01 1.171E+01 
9.000E+02 2.460E+00 1.933E+01 2.179E+01 1.195E+01 
1.000E+03 2.469E+00 2.153E+01 2.400E+01 1.216E+01 